BACKPROP 1 1 0.910059 1 1 0.992869
BFS 1 1 1 1 1 0.968455
BLACKSCHOLES_10M 1 0.706386 0.938181 0.706214 0.992821 0.940211
BODYTRACK 1 0.7981 1 0.698659 1 0.98897
FACESIM 1 0.657966 0.833221 0.832994 0.943767 0.988959
FERRET 1 0.749775 0.938413 0.749685 1 0.986918
HEARTWALL 1 0.733 0.93053 0.732914 1 0.991577
HOTSPOT 1 1 1 1 1 0.98537
JACOBI 1 0.693254 0.469557 0.527424 0.546261 0.934817
KMEANS 1 0.738577 1 0.738461 1 0.989529
KMEANSNF 1 0.417001 0.563378 0.416992 0.629184 0.956816
LAVAMD 1 1 0.806986 0.88441 0.923562 0.891515
LEUKOCYTE 1 0.48314 0.571769 0.571386 0.650761 0.982466
LUD 1 0.107031 0.850637 0.107031 0.959592 0.980811
NW 1 0.883539 1 1 1 0.993117
SHA 1 0.731206 1 0.731174 1 0.993516
SRAD 1 1 0.81646 0.372376 0.895979 0.963878
STREAM 1 1 0.636107 0.909145 0.6767 0.969354
STREAM_threads 1 0.89179 0.345585 0.961741 0.345637 0.87495
X264_ducks 1 0.728113 0.832166 0.728043 0.94336 0.989598
X264_native 1 0.749209 0.913416 0.749143 0.996117 0.987997
AVERAGE 1 0.765147 0.826498 0.734181 0.881131 0.969128
