BACKPROP 1 0.601011 0.94677 1 0.854336 1
BFS 1 0.934056 0.9944 0.987538 0.970439 0.994368
BLACKSCHOLES_10M 1 0.822728 0.951859 0.857002 0.847624 0.847624
BODYTRACK 1 0.59979 1 1 0.953094 0.994946
FACESIM 1 0.764777 0.953797 0.954524 0.833498 0.979551
FERRET 1 0.779711 1 1 0.966935 0.978105
HEARTWALL 1 0.815946 0.929811 0.815705 0.80899 0.98767
HOTSPOT 1 0.97215 0.844611 0.971368 0.80839 0.964407
JACOBI 1 0.95542 0.870359 0.983748 0.795403 0.974435
KMEANS 1 0.603174 1 1 0.973197 0.986162
KMEANSNF 1 0.543154 1 0.936993 0.926884 0.92698
LAVAMD 1 0.558602 0.978702 0.805962 0.686344 0.790467
LEUKOCYTE 1 0.879819 1 1 0.912443 1
LUD 1 0.700574 0.825328 0.989526 0.970404 0.97165
NW 1 0.646904 0.852404 0.762432 0.754702 0.80604
SHA 1 0.603205 1 1 0.953173 0.988651
SRAD 1 0.69172 0.442222 0.4844 0.760206 0.626825
STREAM 1 1 0.343844 0.390934 0.548744 0.900989
STREAM_threads 1 0.90071 0.771117 1 0.671283 0.993071
X264_ducks 1 0.727817 1 1 0.93513 0.98867
X264_native 1 0.791236 1 1 0.952973 0.9853
AVERAGE 1 0.756786 0.890725 0.901911 0.851628 0.937424
