BACKPROP 1 0.957107 0.914349 0.92064 0.882122 0.969469
BFS 1 0.956989 1 1 0.864074 0.979209
BLACKSCHOLES_10M 1 0.471078 0.531612 0.481122 0.659105 0.649944
BODYTRACK 1 0.917545 1 0.991445 0.9106 0.97828
FACESIM 1 0.861509 0.939805 0.861606 0.73015 0.962002
FERRET 1 0.869343 1 0.958157 0.849078 0.980342
HEARTWALL 1 0.848045 0.992797 0.887864 0.948761 0.976766
HOTSPOT 1 0.990852 1 1 0.942391 0.981341
JACOBI 1 0.835732 0.708341 0.979933 0.504572 0.917571
KMEANS 1 0.811063 1 0.982593 0.866947 0.977936
KMEANSNF 1 0.521941 0.925508 0.837413 0.879802 0.932867
LAVAMD 1 0.30231 0.245842 0.245797 0.543516 0.805522
LEUKOCYTE 1 1 0.623938 0.623696 0.522121 0.944833
LUD 1 0.0859538 1 0.677807 0.897338 0.961629
NW 1 1 1 0.939846 0.846149 0.975587
SHA 1 0.85975 1 1 0.930105 0.981984
SRAD 1 0.795603 0.965631 0.806407 0.699575 0.940318
STREAM 1 0.997841 0.792607 0.886527 0.529709 0.937376
STREAM_threads 1 0.824849 0.584119 0.999133 0.410404 0.904214
X264_ducks 1 0.839102 1 0.923438 0.791141 0.973276
X264_native 1 0.854262 1 0.935008 0.832683 0.970645
AVERAGE 1 0.790518 0.867836 0.854211 0.763826 0.938148
