BACKPROP 0 1.92688 1.98298 1.93709 1.76321 1.51865
BFS 0 1.99829 7.98163 1.94482 3.16547 1.73013
BLACKSCHOLES_10M 0 1.85362 12.6006 2.12304 1.85684 1.85684
BODYTRACK 0 2.85892 12.1634 6.81941 6.42704 1.83053
FACESIM 0 2.2682 2.19376 2.21227 7.88604 2.07425
FERRET 0 2.00235 9.03509 1.97439 10.265 2.2141
HEARTWALL 0 2.08687 10.5204 2.07727 2.03392 1.70331
HOTSPOT 0 2.51245 10.6645 2.53738 3.20792 1.56055
JACOBI 0 21.1361 3.15366 3.05703 9.31813 1.85544
KMEANS 0 1.86261 11.3366 2.18599 9.32513 1.87049
KMEANSNF 0 5.337 4.16885 5.3362 3.00556 2.44139
LAVAMD 0 16.0279 2.13702 2.34897 1.98342 1.82406
LEUKOCYTE 0 1.78594 2.26147 2.25736 4.0884 1.76823
LUD 0 6.80723 7.9869 2.45848 3.57612 1.99355
NW 0 2.27174 2.42912 1.93957 3.61787 1.80183
SHA 0 2.43315 14.5638 9.99325 7.23115 1.91007
SRAD 0 3.90293 8.09273 2.69017 9.26091 2.33506
STREAM 0 1.61072 3.09491 2.6783 20.4484 3.7212
STREAM_threads 0 8.57961 3.81484 2.54816 7.70704 1.8022
X264_ducks 0 1.8808 6.7751 1.77579 7.64147 1.83385
X264_native 0 1.76162 7.15814 1.75803 8.09255 1.88622
AVERAGE 0 4.42404 6.86264 2.98347 6.28103 1.97771
