BACKPROP 0 0.32753 0.608746 0.360154 0.372842 0.511999
BFS 0 0.35947 0.347441 0.294835 0.341857 0.348807
BLACKSCHOLES_10M 0 0.383901 0.547559 0.413403 0.367109 0.367109
BODYTRACK 0 1.67914 0.334928 0.295396 0.337651 0.357667
FACESIM 0 0.362628 0.401834 0.333852 0.35549 0.422754
FERRET 0 0.431801 0.325508 0.294512 0.315903 0.342449
HEARTWALL 0 1.1267 0.409064 0.355925 0.336644 0.407064
HOTSPOT 0 0.355064 0.357235 0.294176 0.332092 0.348756
JACOBI 0 0.279483 0.357305 0.622152 0.322495 0.370081
KMEANS 0 0.606653 0.304697 0.276558 0.296599 0.317283
KMEANSNF 0 0.927631 0.317231 0.328911 0.310266 0.342232
LAVAMD 0 0.328153 4.99998 0.500057 0.428004 0.384894
LEUKOCYTE 0 0.744136 0.368865 0.296685 0.318995 0.3672
LUD 0 0.448872 0.309038 0.326287 0.31628 0.357797
NW 0 0.385858 0.419671 0.343242 0.353241 0.387
SHA 0 0.503101 0.317813 0.283515 0.321059 0.337925
SRAD 0 0.327598 0.30916 0.29196 0.313401 0.32211
STREAM 0 0.31105 0.317009 0.315284 0.373779 0.946646
STREAM_threads 0 0.270199 0.34452 0.512067 0.302852 0.352782
X264_ducks 0 2.88991 0.322661 0.289655 0.305975 0.333408
X264_native 0 3.1158 0.298243 0.27059 0.277468 0.309836
AVERAGE 0 0.769747 0.586596 0.347582 0.333333 0.392181
