BACKPROP 1 0.70775 0.972453 1 0.893398 0.998745
BFS 1 0.956503 1 1 0.976457 0.999826
BLACKSCHOLES_10M 1 0.675959 0.982615 0.917912 0.899505 0.899505
BODYTRACK 1 0.594759 0.992002 0.992206 0.907906 0.999794
FACESIM 1 0.799166 0.942083 0.942363 0.844782 0.978437
FERRET 1 0.759431 0.931914 0.932007 0.829464 0.95684
HEARTWALL 1 0.716985 0.947745 0.863472 0.849317 0.977031
HOTSPOT 1 0.912535 0.882465 0.991809 0.847873 0.981476
JACOBI 1 0.987506 0.919428 1 0.850821 0.983504
KMEANS 1 0.767311 0.982465 0.982697 0.898203 0.981554
KMEANSNF 1 0.640985 0.883011 0.970301 0.950717 0.950507
LAVAMD 1 0.84836 1 0.909727 0.811349 0.881276
LEUKOCYTE 1 0.619848 1 1 0.931656 1
LUD 1 0.574611 0.767025 1 0.988313 0.985199
NW 1 0.89489 0.888485 0.82414 0.80825 0.850238
SHA 1 0.863375 0.983406 0.98346 0.913998 0.999631
SRAD 1 0.758395 0.552602 0.587357 0.812048 0.550725
STREAM 1 1 0.452643 0.50926 0.404042 0.887103
STREAM_threads 1 0.94571 0.843549 1 0.753165 0.995433
X264_ducks 1 0.566262 0.942176 0.942378 0.838551 0.980547
X264_native 1 0.55697 0.933918 0.934139 0.838335 0.979324
AVERAGE 1 0.76892 0.895237 0.918249 0.849912 0.943652
