BACKPROP 0 5.82474 1.75879 1.05326 1.06328 1.60554
BFS 0 1.54815 1.40652 3.32659 0.973982 1.10225
BLACKSCHOLES_10M 0 1.47446 1.64508 1.24629 1.09985 1.09985
BODYTRACK 0 1.15532 4.63576 2.22061 0.980936 1.15487
FACESIM 0 1.11932 1.27341 1.10634 1.049 1.06581
FERRET 0 1.1326 6.80356 4.62108 1.39742 1.08278
HEARTWALL 0 1.85754 1.24643 1.08104 1.00404 1.21763
HOTSPOT 0 1.1737 1.13346 2.04356 1.00512 1.11635
JACOBI 0 1.61303 1.23513 1.79055 0.956448 1.10864
KMEANS 0 1.13495 6.59244 4.59797 1.23628 0.978736
KMEANSNF 0 1.11297 1.20729 1.06976 1.004 1.11083
LAVAMD 0 10.8953 14.961 1.39714 1.19172 1.09372
LEUKOCYTE 0 1.07461 1.13353 0.970899 0.953285 1.04336
LUD 0 1.10453 3.84553 1.00315 1.05451 1.19827
NW 0 1.36607 1.27617 1.06058 1.02697 1.11533
SHA 0 1.12556 6.13215 3.56234 1.14933 1.04512
SRAD 0 1.00768 14.1017 11.0706 0.965733 1.40389
STREAM 0 0.936503 19.4941 18.9066 12.4213 2.62239
STREAM_threads 0 0.880903 1.07516 1.47578 0.918442 1.04177
X264_ducks 0 1.10351 3.88646 1.67309 0.933424 1.08625
X264_native 0 1.02826 4.57151 2.23216 0.872769 0.980231
AVERAGE 0 1.88903 4.73406 3.21473 1.58371 1.20351
