BACKPROP 0 5.79115 3.41273 4.87488 3.64454 3.27285
BFS 0 4.47896 4.43645 5.21441 5.00951 3.4404
BLACKSCHOLES_10M 0 4.33754 3.68177 5.11535 4.224 3.62803
BODYTRACK 0 3.56909 3.95654 5.01571 4.82463 3.45127
FACESIM 0 3.92045 3.87307 5.63898 4.394 3.76951
FERRET 0 4.94633 3.54125 5.44741 5.06642 3.49167
HEARTWALL 0 3.81088 3.46492 5.07489 4.77448 3.40286
HOTSPOT 0 5.29949 5.5995 6.03405 5.84609 3.55491
JACOBI 0 4.67807 3.49649 5.91398 6.60706 3.42444
KMEANS 0 4.75686 3.69056 5.24831 4.49056 3.52177
KMEANSNF 0 9.83331 6.29049 9.86168 5.20649 3.37859
LAVAMD 0 15.0694 3.37681 4.93946 3.30757 3.31603
LEUKOCYTE 0 3.41524 3.36938 6.14279 5.97758 3.27604
LUD 0 73.9197 3.63134 73.9197 6.07912 3.95808
NW 0 3.60205 3.70907 4.79176 3.98346 3.32258
SHA 0 3.5417 4.48349 5.48555 5.49394 3.53559
SRAD 0 4.16878 3.6285 7.00822 7.29232 3.74413
STREAM 0 14.5134 3.26857 4.91999 9.67519 3.3087
STREAM_threads 0 48.5455 9.77721 4.59035 9.74602 3.25519
X264_ducks 0 4.86473 3.18957 5.21814 7.08863 3.19323
X264_native 0 4.4656 3.55278 5.14455 5.58925 3.64823
AVERAGE 0 11.0252 4.16336 8.8381 5.63433 3.47115
