BACKPROP 1 0.805508 0.797501 0.898516 0.892746 0.991863
BFS 1 0.891557 0.913146 0.967036 0.887771 0.968525
BLACKSCHOLES_10M 1 0.412905 0.421104 0.918231 0.911328 0.911328
BODYTRACK 1 0.867537 0.960047 0.995565 0.916699 0.98029
FACESIM 1 0.958246 0.958632 0.958635 0.792617 0.978761
FERRET 1 0.943989 1 0.982336 0.860199 0.995914
HEARTWALL 1 0.623955 0.640516 0.623962 0.921289 0.943844
HOTSPOT 1 0.922407 0.863454 0.922363 0.833262 0.916081
JACOBI 1 0.869194 0.978112 0.978119 0.634965 0.971888
KMEANS 1 0.930613 0.910965 0.948855 0.884456 0.95676
KMEANSNF 1 0.47255 0.596248 0.472552 0.905309 0.926928
LAVAMD 1 0.298836 0.407511 0.784223 0.655833 0.773386
LEUKOCYTE 1 0.955111 0.954927 0.954931 0.709147 0.999999
LUD 1 0.809958 0.837389 0.796549 0.948525 0.897831
NW 1 0.896124 0.884184 0.929039 0.873568 0.928217
SHA 1 0.924828 0.998212 1 0.936332 0.985938
SRAD 1 0.675169 0.744132 0.783588 0.760095 0.717905
STREAM 1 0.998936 1 0.999045 0.576518 0.917532
STREAM_threads 1 0.860743 0.83234 0.997514 0.49612 0.989856
X264_ducks 1 0.965009 0.969297 0.972691 0.890597 1
X264_native 1 0.967138 0.999673 0.96714 0.862972 0.988709
AVERAGE 1 0.81192 0.841304 0.897661 0.816683 0.940074
