0 0.500046 1.6409
1 0.551136 1.79686
2 0.60325 1.95708
3 0.626544 2.02493
4 0.681674 2.1961
5 0.726032 2.33326
6 0.768504 2.46494
7 0.760838 2.43659
8 0.781762 2.49985
9 0.810596 2.58871
10 0.81767 2.60851
11 0.862516 2.74887
12 0.857282 2.73023
13 0.868654 2.76447
14 0.849436 2.70157
15 0.91575 2.9104
16 0.940148 2.98678
17 0.916928 2.91223
18 0.931638 2.95784
19 0.93563 2.96962
20 0.904246 2.86921
21 0.92965 2.94862
22 0.99292 3.14836
23 0.977978 3.10089
24 1.00513 3.18671
25 0.964778 3.05882
26 0.964084 3.05618
27 0.930428 2.94905
28 0.968146 3.06774
29 0.991722 3.14204
30 0.936966 2.96846
31 0.974526 3.08668
32 1.02006 3.23059
33 0.940436 2.97865
34 0.934282 2.95846
35 0.988918 3.13067
36 0.952048 3.01383
37 1.0299 3.25967
38 1.02104 3.232
39 0.987784 3.12699
40 1.00468 3.18033
41 0.955808 3.02567
42 1.04273 3.30028
43 0.896384 2.83755
44 1.0117 3.20132
45 1.03708 3.28179
46 1.00129 3.16898
47 1.02746 3.25181
48 1.00168 3.17055
49 0.974032 3.08306
50 0.93877 2.97116
51 1.10437 3.49448
52 0.990732 3.13613
53 1.00896 3.19372
54 0.990172 3.13435
55 0.967356 3.06202
56 0.949042 3.00367
57 0.987434 3.12458
58 1.00208 3.17076
59 0.953986 3.01862
60 0.990742 3.13439
61 1.06488 3.36883
62 1.01706 3.21832
63 1.05511 3.33892
64 0.991656 3.13878
65 1.03992 3.29143
66 1.00077 3.16801
67 1.01116 3.20092
68 0.964136 3.05219
69 0.995196 3.15008
70 0.995526 3.15107
71 0.94938 3.00496
72 0.988954 3.12961
73 0.993028 3.14237
74 0.988756 3.12877
75 1.02406 3.24037
76 1.01913 3.22504
77 1.03344 3.27056
78 0.945788 2.99354
79 1.01042 3.19746
80 1.01144 3.2008
81 0.984806 3.11666
82 1.05916 3.35177
83 0.969728 3.06946
84 0.997486 3.15695
85 0.961592 3.04333
86 1.03823 3.28539
87 1.03567 3.27776
88 1.05472 3.33853
89 1.06456 3.37038
90 0.988174 3.12932
91 0.983614 3.11473
92 0.941064 2.9798
93 1.0441 3.30529
94 1.03058 3.26307
95 0.978432 3.09832
96 0.984944 3.11867
97 0.935586 2.96221
98 0.94575 2.99366
99 1.00714 3.18731
100 1.01495 3.21214
101 1.01206 3.20317
102 0.95271 3.01546
103 1.04478 3.30628
104 0.96823 3.06455
105 0.931466 2.94783
106 0.978696 3.0965
107 1.04686 3.31191
108 1.0064 3.18445
109 0.945648 2.9923
110 1.05206 3.32836
111 1.00567 3.18221
112 1.02384 3.23978
113 1.00876 3.19234
114 0.986462 3.12187
115 1.01566 3.21411
116 1.00546 3.18203
117 0.949218 3.00409
118 0.984222 3.11428
119 0.949072 3.00288
120 1.01105 3.19837
121 1.02566 3.24474
122 1.08413 3.43004
123 1.01258 3.20467
124 1.0495 3.32167
125 0.992456 3.14171
126 0.993984 3.14646
127 0.993974 3.14636
128 0.992564 3.14182
129 0.955198 3.02346
130 0.987312 3.12458
131 1.01743 3.21974
132 0.967838 3.063
133 1.07042 3.38723
134 1.01717 3.21958
135 0.975434 3.0877
136 1.02979 3.25945
137 0.966132 3.05831
138 0.95022 3.00755
139 0.987428 3.12473
140 0.979366 3.09907
141 1.00959 3.19447
142 0.997536 3.15643
143 0.953948 3.01849
144 1.02524 3.2435
145 1.07679 3.40693
146 1.05175 3.32864
147 1.03763 3.2846
148 1.00573 3.1841
149 0.995854 3.15289
150 1.02993 3.26072
151 0.957746 3.03255
152 0.994048 3.14698
153 1.00308 3.17549
154 1.01981 3.22849
155 1.00086 3.16875
156 0.988202 3.12869
157 1.00051 3.1675
158 0.916414 2.90127
159 0.95058 3.00848
160 1.05154 3.32739
161 0.966496 3.05887
162 1.02532 3.24463
163 1.02785 3.25297
164 1.00906 3.19382
165 1.03753 3.28407
166 0.93035 2.94522
167 1.04624 3.31121
168 0.981972 3.10836
169 0.975302 3.08704
170 0.986796 3.12313
171 1.0716 3.39134
172 0.941344 2.97994
173 1.01118 3.2003
174 1.03045 3.26141
175 0.908776 2.87665
176 1.00436 3.17812
177 1.00675 3.18572
178 0.979714 3.10026
179 1.01061 3.1978
180 1.04406 3.30377
181 1.0564 3.34336
182 0.97429 3.08416
183 0.996024 3.15265
184 1.05772 3.34787
185 0.97916 3.09991
186 0.96946 3.06895
187 0.95555 3.02456
188 0.998238 3.15915
189 1.03249 3.26751
190 1.00468 3.17989
191 1.01343 3.20767
192 1.02121 3.23245
193 1.02774 3.25337
194 1.02712 3.25178
195 0.986492 3.12347
196 0.977872 3.09601
197 1.016 3.21647
198 0.92716 2.93539
199 0.99104 3.13676
200 0.989388 3.13142
201 0.985258 3.11822
202 0.984044 3.1142
203 0.96546 3.05521
204 1.01597 3.21464
205 1.0146 3.2105
206 1.04434 3.30478
207 1.02914 3.25723
208 0.935784 2.96208
209 0.999712 3.16367
210 1.00703 3.18681
211 0.980042 3.1015
212 0.993802 3.1448
213 1.03141 3.26373
214 1.00541 3.18185
215 0.988956 3.12983
216 0.997392 3.1564
217 0.949186 3.00382
218 1.0351 3.27509
219 1.01005 3.19623
220 0.987712 3.12567
221 0.999956 3.16427
222 1.02671 3.24894
223 0.979838 3.10092
224 1.00024 3.16525
225 1.03678 3.2809
226 1.00953 3.19511
227 1.05789 3.34828
228 1.00753 3.18959
229 0.947068 2.99826
230 1.00057 3.16701
231 0.965416 3.05574
232 1.02292 3.23731
233 0.97686 3.09182
234 0.979982 3.10143
235 0.989044 3.12987
236 1.06175 3.35983
237 0.988518 3.12881
238 0.932582 2.95163
239 1.02922 3.25667
240 1.01091 3.19907
241 0.983882 3.11368
242 1.0347 3.27431
243 0.972156 3.07678
244 1.04201 3.2975
245 0.989554 3.13202
246 0.969996 3.07
247 1.0314 3.26396
248 0.99473 3.14829
249 1.01999 3.22818
250 0.965582 3.05621
251 1.01569 3.21437
252 0.99234 3.14068
253 0.969626 3.0687
254 1.02751 3.25151
255 1.01936 3.22606
256 1.05752 3.34708
257 0.99432 3.14774
258 0.93108 2.94748
259 1.02862 3.2554
260 1.02743 3.252
261 1.02259 3.23702
262 0.963156 3.04913
263 0.950946 3.01006
264 1.0235 3.23911
265 1.00258 3.17318
266 0.963542 3.04966
267 0.9874 3.12474
268 1.00175 3.17
269 1.03646 3.27986
270 0.967256 3.06128
271 1.01284 3.20516
272 0.993128 3.14293
273 0.974522 3.08397
274 0.993212 3.14281
275 0.956204 3.02563
276 1.06881 3.3814
277 1.05697 3.3448
278 1.0121 3.2035
279 0.975628 3.0882
280 0.93673 2.96479
281 0.958286 3.03229
282 0.995826 3.15059
283 0.963354 3.04781
284 1.04454 3.3042
285 1.00854 3.19087
286 1.00024 3.16471
287 0.97665 3.09007
288 1.00002 3.16373
289 0.962438 3.04484
290 0.948572 3.00055
291 1.04067 3.29188
292 1.03152 3.26341
293 0.998948 3.16073
294 1.0321 3.26561
295 1.00024 3.16519
296 0.963742 3.0497
297 1.0074 3.18743
298 0.98572 3.11891
299 0.99853 3.15927
300 1.02371 3.23893
301 0.963398 3.04837
302 1.04118 3.29404
303 0.988774 3.12872
304 1.00401 3.17681
305 1.07967 3.41626
306 0.975952 3.08899
307 1.02141 3.23257
308 1.02643 3.24872
309 0.997198 3.15652
310 0.98777 3.12665
311 1.02728 3.25157
312 0.960254 3.03973
313 0.962532 3.04648
314 0.946668 2.99584
315 0.992292 3.13959
316 0.963922 3.04975
317 1.01231 3.2024
318 1.0485 3.31705
319 1.00252 3.17217
320 1.02488 3.24294
321 1.03645 3.27986
322 0.999486 3.16332
323 0.953526 3.01785
324 0.996358 3.15286
325 0.965288 3.0545
326 1.01336 3.2062
327 0.99727 3.15545
328 1.05115 3.32589
329 0.988064 3.12689
330 1.04165 3.29633
331 1.0014 3.16943
332 0.964626 3.05308
333 1.00575 3.1828
334 1.01266 3.20474
335 1.02105 3.23144
336 1.02349 3.23942
337 1.01464 3.21172
338 0.964654 3.05366
339 1.00209 3.17173
340 0.982992 3.11131
341 0.978 3.0953
342 1.06845 3.38131
343 0.997438 3.15739
344 1.01109 3.20056
345 0.995876 3.15254
346 1.0074 3.18899
347 0.956846 3.02903
348 0.946162 2.99471
349 1.06893 3.3826
350 0.925322 2.92892
351 1.00689 3.18619
352 1.02381 3.23982
353 0.991596 3.13817
354 0.983562 3.11265
355 0.981236 3.1051
356 1.02033 3.22858
357 1.04496 3.30677
358 1.02094 3.23132
359 1.02555 3.24614
360 0.977832 3.09542
361 0.953788 3.01905
362 1.04003 3.29145
363 0.949222 3.00453
364 0.998194 3.15892
365 0.971386 3.07407
366 1.03339 3.26992
367 1.04623 3.31096
368 1.03211 3.26687
369 1.02857 3.25605
370 1.06331 3.3664
371 0.99565 3.15297
372 1.01276 3.20709
373 0.969912 3.07157
374 0.975966 3.09037
375 0.965856 3.05807
376 1.02239 3.23663
377 0.981166 3.10641
378 0.954692 3.02237
379 0.978482 3.09715
380 1.00802 3.19037
381 1.00726 3.18806
382 0.980062 3.10208
383 0.99878 3.16108
384 0.933486 2.95442
385 0.946164 2.99379
386 1.01969 3.22579
387 0.931144 2.94589
388 1.00118 3.16694
389 0.964774 3.0518
390 1.06087 3.35575
391 0.995834 3.15075
392 0.97135 3.07324
393 1.01673 3.21649
394 1.0584 3.34852
395 0.989768 3.13205
396 0.935138 2.95907
397 1.04947 3.32003
398 1.01325 3.20606
399 1.0071 3.18674
400 0.971586 3.07445
401 0.96691 3.05933
402 1.0032 3.17377
403 0.992362 3.13951
404 0.992724 3.14057
405 0.980932 3.10318
406 1.06573 3.37122
407 0.975832 3.08759
408 0.99282 3.14105
409 1.04225 3.29735
410 0.989692 3.13156
411 1.01138 3.20008
412 0.997746 3.15706
413 1.02201 3.2338
414 0.993048 3.14243
415 1.01122 3.19986
416 1.0017 3.16985
417 1.01368 3.20778
418 0.997486 3.15671
419 0.997624 3.15712
420 0.952674 3.01484
421 1.01738 3.21904
422 0.985038 3.1169
423 1.01463 3.21035
424 1.06773 3.37855
425 0.98845 3.1285
426 0.979842 3.10112
427 1.005 3.18051
428 0.977894 3.09478
429 0.983224 3.11138
430 1.02959 3.2579
431 0.995058 3.14898
432 1.0241 3.24084
433 0.956408 3.02689
434 0.94681 2.99602
435 0.996652 3.15311
436 1.00096 3.16669
437 1.07583 3.40356
438 0.986686 3.12244
439 1.07849 3.41278
440 1.02887 3.25675
441 0.953154 3.01741
442 0.99953 3.16365
443 1.0117 3.20217
444 1.00509 3.18139
445 1.04937 3.32159
446 0.9394 2.97408
447 0.99181 3.13928
448 0.981208 3.10562
449 1.00541 3.18199
450 0.962354 3.0458
451 0.992966 3.14223
452 1.01697 3.21812
453 1.02978 3.25885
454 1.00581 3.18335
455 1.02239 3.23591
456 1.01184 3.2028
457 0.977274 3.09351
458 1.03974 3.29096
459 0.960134 3.03945
460 1.00471 3.18007
461 0.991086 3.13701
462 1.00997 3.19667
463 0.97834 3.09668
464 0.958102 3.03237
465 0.933942 2.95544
466 1.05724 3.3448
467 1.07387 3.39813
468 1.02331 3.23903
469 0.999978 3.16547
470 0.98741 3.12569
471 1.00603 3.18448
472 0.96197 3.04508
473 0.948838 3.00308
474 1.07972 3.41666
475 0.995006 3.14954
476 1.03541 3.27736
477 1.00198 3.17199
478 0.987606 3.1265
479 1.03417 3.27375
480 1.02949 3.25936
481 0.977466 3.09502
482 1.01992 3.22915
483 0.954152 3.02116
484 0.976984 3.09291
485 1.00106 3.16884
486 1.0003 3.16647
487 1.01989 3.22847
488 1.01279 3.20625
489 0.990664 3.13635
490 0.969068 3.06787
491 1.01425 3.21052
492 1.02068 3.23107
493 0.942626 2.98421
494 0.987968 3.12706
495 0.99284 3.14234
496 0.983142 3.11156
497 0.914942 2.89553
498 0.967246 3.06008
499 1.04077 3.2923
500 1.48493 3.05015
501 1.41852 2.91943
502 1.37459 2.83423
503 1.28506 2.65439
504 1.27873 2.64518
505 1.25866 2.60765
506 1.24284 2.57878
507 1.15698 2.40425
508 1.12938 2.3493
509 1.12007 2.33198
510 1.08628 2.26353
511 1.10802 2.31026
512 1.06762 2.22779
513 1.05408 2.20066
514 1.00776 2.10484
515 1.0671 2.2289
516 1.07506 2.24672
517 1.03048 2.15483
518 1.03302 2.16068
519 1.02488 2.14424
520 0.980128 2.05102
521 1.00037 2.09304
522 1.06051 2.21887
523 1.03456 2.16566
524 1.05544 2.21001
525 1.00529 2.10599
526 1.00008 2.09519
527 0.96156 2.01448
528 0.999066 2.09237
529 1.02019 2.13659
530 0.96015 2.0112
531 0.998106 2.08999
532 1.04233 2.18256
533 0.956896 2.0044
534 0.950962 1.99123
535 1.00717 2.10806
536 0.967518 2.02519
537 1.04658 2.1901
538 1.0336 2.16376
539 0.99709 2.08793
540 1.01334 2.12189
541 0.962592 2.01586
542 1.05129 2.20091
543 0.900756 1.88659
544 1.021 2.13664
545 1.04461 2.18644
546 1.00566 2.10571
547 1.03121 2.15931
548 1.00345 2.10173
549 0.975416 2.04308
550 0.941092 1.97077
551 1.10998 2.32329
552 0.989934 2.07395
553 1.00873 2.11314
554 0.989542 2.07311
555 0.967296 2.02633
556 0.950498 1.99058
557 0.991162 2.07487
558 1.00591 2.1056
559 0.957002 2.00332
560 0.995614 2.0834
561 1.06983 2.23861
562 1.01788 2.13115
563 1.05496 2.20912
564 0.988872 2.0717
565 1.03785 2.17411
566 0.99713 2.08948
567 1.008 2.1122
568 0.961046 2.01396
569 0.994216 2.08277
570 0.994924 2.08415
571 0.9491 1.98807
572 0.99113 2.07521
573 0.995422 2.08405
574 0.991122 2.07496
575 1.02671 2.14931
576 1.02018 2.13611
577 1.03339 2.16414
578 0.944206 1.97794
579 1.01163 2.11817
580 1.01196 2.11907
581 0.98469 2.06218
582 1.05983 2.21925
583 0.967456 2.02686
584 0.99696 2.08809
585 0.961278 2.0133
586 1.03987 2.17719
587 1.03513 2.168
588 1.05243 2.20489
589 1.05974 2.22123
590 0.98124 2.05777
591 0.978322 2.0513
592 0.937516 1.96537
593 1.04375 2.18688
594 1.02806 2.15483
595 0.974926 2.04396
596 0.982986 2.06041
597 0.934694 1.9589
598 0.947954 1.98557
599 1.01179 2.11834
600 1.0186 2.1328
601 1.01442 2.12438
602 0.954034 1.99818
603 1.04842 2.195
604 0.96898 2.02952
605 0.933516 1.95473
606 0.983774 2.05882
607 1.05257 2.2025
608 1.00878 2.1118
609 0.947266 1.98317
610 1.05636 2.21058
611 1.00663 2.10751
612 1.02439 2.14481
613 1.00805 2.11105
614 0.985452 2.06386
615 1.01544 2.12639
616 1.00451 2.10379
617 0.948204 1.98593
618 0.985738 2.06364
619 0.951042 1.99077
620 1.01532 2.12445
621 1.02881 2.15296
622 1.08563 2.2724
623 1.00962 2.11484
624 1.04625 2.19174
625 0.987446 2.06938
626 0.990082 2.07468
627 0.990944 2.07631
628 0.99028 2.07476
629 0.953674 1.99789
630 0.988114 2.06923
631 1.01876 2.13319
632 0.968094 2.02742
633 1.07232 2.2451
634 1.01521 2.12683
635 0.973024 2.03872
636 1.02885 2.15519
637 0.96398 2.0198
638 0.949982 1.98985
639 0.989596 2.07195
640 0.981796 2.05544
641 1.01274 2.1199
642 0.99972 2.09287
643 0.955842 2.00101
644 1.02925 2.15389
645 1.07907 2.25869
646 1.04971 2.19871
647 1.0333 2.16526
648 1.00032 2.09675
649 0.991018 2.07727
650 1.02588 2.15018
651 0.953146 1.99818
652 0.992036 2.07886
653 1.00164 2.09885
654 1.01841 2.13402
655 0.998726 2.0931
656 0.98637 2.06718
657 0.999506 2.09446
658 0.915612 1.91866
659 0.95373 1.99709
660 1.05703 2.21254
661 0.968358 2.0279
662 1.02867 2.15363
663 1.02945 2.15578
664 1.00902 2.11353
665 1.03704 2.1724
666 0.928266 1.94515
667 1.04777 2.19423
668 0.98098 2.05519
669 0.97532 2.04299
670 0.987996 2.06911
671 1.07339 2.24773
672 0.939386 1.96835
673 1.01227 2.11996
674 1.03083 2.15905
675 0.90771 1.90169
676 1.00778 2.10969
677 1.00946 2.11333
678 0.981642 2.05526
679 1.0133 2.12122
680 1.04589 2.18969
681 1.05571 2.2111
682 0.971066 2.0348
683 0.994462 2.0833
684 1.05651 2.21318
685 0.975444 2.04436
686 0.967316 2.0269
687 0.95517 2.00088
688 1.00005 2.0941
689 1.03417 2.16555
690 1.00448 2.10399
691 1.01303 2.12198
692 1.0202 2.13724
693 1.02581 2.14936
694 1.02409 2.14624
695 0.982706 2.05994
696 0.975328 2.04416
697 1.01486 2.12655
698 0.925542 1.93965
699 0.993076 2.07985
700 0.991552 2.07653
701 0.9876 2.06812
702 0.986742 2.0661
703 0.968464 2.0276
704 1.02037 2.13571
705 1.01756 2.13018
706 1.04619 2.19044
707 1.02847 2.15419
708 0.933934 1.95665
709 1.00113 2.09627
710 1.00826 2.11121
711 0.98073 2.0537
712 0.995358 2.084
713 1.03309 2.16292
714 1.00528 2.10527
715 0.988584 2.0704
716 0.997606 2.0891
717 0.94948 1.98827
718 1.03791 2.17254
719 1.01066 2.11617
720 0.987744 2.06837
721 1.00058 2.09503
722 1.02726 2.1509
723 0.979012 2.05036
724 1.0005 2.09498
725 1.037 2.17142
726 1.00791 2.11117
727 1.05595 2.21195
728 1.00311 2.10227
729 0.943186 1.97674
730 0.999652 2.09406
731 0.964634 2.02069
732 1.02393 2.14426
733 0.97659 2.04554
734 0.980852 2.05406
735 0.990752 2.07445
736 1.06388 2.2274
737 0.987224 2.06803
738 0.932062 1.95226
739 1.03208 2.16053
740 1.01187 2.11877
741 0.984156 2.06096
742 1.03576 2.16872
743 0.971356 2.0345
744 1.04268 2.18336
745 0.988076 2.06977
746 0.969254 2.03013
747 1.03223 2.16147
748 0.993888 2.08175
749 1.01952 2.13533
750 0.964262 2.01993
751 1.0162 2.12807
752 0.992008 2.07771
753 0.96971 2.03087
754 1.02909 2.15468
755 1.01933 2.13478
756 1.0565 2.21297
757 0.990712 2.07618
758 0.928464 1.94557
759 1.02959 2.15616
760 1.02683 2.15092
761 1.02071 2.13859
762 0.960584 2.01298
763 0.95049 1.99115
764 1.02552 2.14741
765 1.00311 2.10095
766 0.963858 2.0188
767 0.989422 2.0717
768 1.00411 2.10227
769 1.03845 2.17425
770 0.96712 2.02555
771 1.01433 2.12384
772 0.99375 2.081
773 0.975366 2.04239
774 0.99517 2.08343
775 0.958124 2.00579
776 1.0729 2.24528
777 1.05688 2.21311
778 1.00922 2.11433
779 0.972688 2.03797
780 0.935434 1.95945
781 0.960084 2.00998
782 0.999422 2.09164
783 0.966518 2.02277
784 1.0493 2.19542
785 1.0103 2.11467
786 1.00131 2.09605
787 0.977528 2.04628
788 1.00191 2.09693
789 0.96399 2.0176
790 0.951588 1.99105
791 1.05123 2.19865
792 1.0384 2.17274
793 1.0031 2.09954
794 1.03581 2.16805
795 1.00174 2.09738
796 0.964964 2.02041
797 1.01026 2.11462
798 0.987748 2.06768
799 1.00097 2.09515
800 1.02592 2.14738
801 0.96406 2.01834
802 1.04363 2.18427
803 0.988782 2.07023
804 1.00456 2.10308
805 1.07997 2.26103
806 0.972392 2.03719
807 1.01942 2.13521
808 1.02366 2.14445
809 0.99363 2.08196
810 0.984898 2.06355
811 1.02535 2.14803
812 0.95744 2.0062
813 0.961988 2.01499
814 0.947932 1.98491
815 0.995976 2.0846
816 0.967334 2.02459
817 1.01713 2.12822
818 1.05213 2.20178
819 1.00313 2.10014
820 1.02528 2.14658
821 1.03555 2.16853
822 0.996974 2.08839
823 0.951508 1.9931
824 0.996796 2.08711
825 0.965822 2.02219
826 1.01553 2.12567
827 0.99845 2.09018
828 1.05235 2.20298
829 0.98657 2.0662
830 1.04091 2.17976
831 0.998762 2.09222
832 0.9624 2.01603
833 1.00549 2.10563
834 1.01216 2.11968
835 1.01999 2.13631
836 1.02154 2.13991
837 1.01184 2.11998
838 0.961698 2.01514
839 1.00119 2.09721
840 0.982144 2.05732
841 0.97809 2.04852
842 1.06968 2.23993
843 0.99507 2.08494
844 1.00917 2.11439
845 0.993734 2.08221
846 1.00576 2.1073
847 0.955174 2.00141
848 0.94674 1.98297
849 1.07227 2.24489
850 0.924666 1.93705
851 1.00991 2.11429
852 1.02609 2.14832
853 0.99233 2.0781
854 0.984582 2.06174
855 0.982886 2.05792
856 1.02272 2.14101
857 1.04601 2.1902
858 1.01958 2.13569
859 1.02334 2.14392
860 0.974822 2.04269
861 0.952318 1.9951
862 1.04099 2.17999
863 0.948118 1.98619
864 0.99966 2.09324
865 0.972686 2.03675
866 1.036 2.16882
867 1.04678 2.19205
868 1.03025 2.1583
869 1.02538 2.14865
870 1.05902 2.21965
871 0.98914 2.07425
872 1.00735 2.11224
873 0.964908 2.02338
874 0.973128 2.03998
875 0.964606 2.02164
876 1.02297 2.1433
877 0.980562 2.05486
878 0.955072 2.00111
879 0.980974 2.05459
880 1.01126 2.11768
881 1.00962 2.11445
882 0.981674 2.05609
883 1.00115 2.09654
884 0.935426 1.95893
885 0.950886 1.99023
886 1.02668 2.14799
887 0.935702 1.95808
888 1.01112 2.1148
889 0.972896 2.03503
890 1.07389 2.24578
891 1.0033 2.09942
892 0.977752 2.04603
893 1.02386 2.14212
894 1.06387 2.22627
895 0.991312 2.07554
896 0.936844 1.96135
897 1.05438 2.20625
898 1.01486 2.12453
899 1.00781 2.11004
900 0.971842 2.03486
901 0.968454 2.02729
902 1.00616 2.10568
903 0.99471 2.08181
904 0.995092 2.08252
905 0.983274 2.0577
906 1.06888 2.23654
907 0.975184 2.04166
908 0.993412 2.07939
909 1.04314 2.18336
910 0.98839 2.06951
911 1.01075 2.11613
912 0.996666 2.08682
913 1.02118 2.13808
914 0.991304 2.07591
915 1.01005 2.11501
916 1.00016 2.09449
917 1.01227 2.11985
918 0.995646 2.08525
919 0.996178 2.08628
920 0.951606 1.99288
921 1.01873 2.13259
922 0.985322 2.06297
923 1.01561 2.12612
924 1.06785 2.23578
925 0.985292 2.06411
926 0.977724 2.048
927 1.00413 2.10292
928 0.976936 2.04603
929 0.983454 2.05928
930 1.03063 2.15776
931 0.994486 2.08262
932 1.02385 2.14402
933 0.955084 2.00042
934 0.947688 1.98418
935 0.999992 2.09278
936 1.00398 2.10112
937 1.07855 2.25725
938 0.985178 2.0632
939 1.07777 2.25683
940 1.02436 2.14641
941 0.948258 1.98737
942 0.997428 2.08949
943 1.00991 2.11559
944 1.00301 2.10131
945 1.04725 2.19406
946 0.935524 1.96078
947 0.991244 2.07641
948 0.981122 2.05505
949 1.00625 2.10734
950 0.962788 2.01643
951 0.99516 2.08357
952 1.01924 2.13389
953 1.03088 2.15863
954 1.00526 2.10554
955 1.02164 2.13992
956 1.0101 2.11616
957 0.975278 2.04338
958 1.03908 2.1766
959 0.957752 2.00691
960 1.00453 2.10416
961 0.99071 2.0753
962 1.01008 2.11571
963 0.977958 2.0486
964 0.958792 2.00807
965 0.936412 1.96052
966 1.063 2.22436
967 1.07586 2.25246
968 1.02123 2.13946
969 0.997112 2.08932
970 0.985004 2.0639
971 1.00456 2.10461
972 0.960494 2.01236
973 0.94935 1.98834
974 1.08289 2.26706
975 0.993612 2.08162
976 1.03442 2.167
977 0.999438 2.09433
978 0.98538 2.06486
979 1.03281 2.16397
980 1.02662 2.15161
981 0.973734 2.04125
982 1.01773 2.13299
983 0.951482 1.99445
984 0.976846 2.04676
985 1.00206 2.09917
986 1.00111 2.09721
987 1.02057 2.13801
988 1.01238 2.12123
989 0.9897 2.07392
990 0.96871 2.02976
991 1.01546 2.12714
992 1.02101 2.13905
993 0.941926 1.97372
994 0.990102 2.07364
995 0.99525 2.08424
996 0.985514 2.06378
997 0.917574 1.92127
998 0.973588 2.03715
999 1.04824 2.19289
