0 0.513332 1.66765
1 0.963748 3.13126
2 1.05394 3.22871
3 0.895378 3.01207
4 0.932976 3.16821
5 1.06302 3.23325
6 0.942778 3.01271
7 1.03713 3.20554
8 1.06705 3.1261
9 0.898286 2.87095
10 0.950288 3.15581
11 1.04493 3.2242
12 0.922762 3.04871
13 0.887292 3.14536
14 0.992148 3.1978
15 0.92892 3.16618
16 0.9944 3.19893
17 0.90586 3.15464
18 1.06112 3.2323
19 0.912956 3.00261
20 0.974374 3.18891
21 0.992006 3.19773
22 0.968174 3.18581
23 0.86641 3.13492
24 1.01641 3.20993
25 0.913804 3.11683
26 0.993338 3.1984
27 1.01929 3.21138
28 1.00342 3.15434
29 0.973612 3.13073
30 1.00867 3.20606
31 0.849682 3.10446
32 1.02026 3.21186
33 1.03812 3.16926
34 0.989462 3.04793
35 0.93433 3.0471
36 1.02192 3.21269
37 1.02989 3.16091
38 0.951858 3.0458
39 1.01506 3.19994
40 0.983138 3.14564
41 0.932952 3.16345
42 0.92935 3.16639
43 1.01553 3.2095
44 0.988232 3.15632
45 0.974942 3.17962
46 1.01745 3.21046
47 1.07254 3.19363
48 0.986832 2.96623
49 0.925638 2.96901
50 1.0208 3.20585
51 1.04971 3.16741
52 1.0583 3.04534
53 0.90387 2.81963
54 0.963376 3.09395
55 1.01553 3.2095
56 0.957426 3.14091
57 1.13435 3.26893
58 0.90225 2.81101
59 0.958526 3.08783
60 1.13171 3.2676
61 0.890544 2.81184
62 1.00068 3.14545
63 0.99672 3.14173
64 0.95318 3.12828
65 1.12162 3.26255
66 0.986748 2.88585
67 0.895564 2.87371
68 0.984092 3.18377
69 1.02611 3.21479
70 0.971032 3.12077
71 1.03088 3.21718
72 1.02792 3.13713
73 0.934126 3.01913
74 0.997734 3.2006
75 1.02991 3.21669
76 0.8856 3.06833
77 1.01665 3.21005
78 1.04784 3.18331
79 1.09146 3.08355
80 0.83798 2.72378
81 0.933334 3.16838
82 1.02435 3.21391
83 1.02281 3.15119
84 0.951138 3.05726
85 1.10687 3.25518
86 0.888978 2.8742
87 1.02086 3.21216
88 1.04796 3.17264
89 0.932756 2.99294
90 0.965826 3.18062
91 0.995064 3.19926
92 1.03678 3.22012
93 1.07171 3.14406
94 0.907798 2.87954
95 0.956924 3.13873
96 1.04323 3.22335
97 1.08515 3.13441
98 0.830774 2.79024
99 1.03271 3.21809
100 1.0044 3.1207
101 1.02969 3.12216
102 0.933082 2.99824
103 0.97872 3.19108
104 1.0405 3.22198
105 1.09771 3.14764
106 0.951418 2.82594
107 0.948662 2.94802
108 0.896652 3.05254
109 1.11146 3.25747
110 0.93049 2.8834
111 0.890818 3.04031
112 0.951958 3.1777
113 1.0525 3.22799
114 1.01007 3.07321
115 0.980866 3.03295
116 0.999508 3.09095
117 0.895796 3.04025
118 1.03284 3.21815
119 1.07261 3.15454
120 1.00468 2.93592
121 0.925536 2.88428
122 1.02055 3.12127
123 0.85045 2.98376
124 1.08292 3.2432
125 0.89803 2.93966
126 1.01342 3.20844
127 1.03066 3.18293
128 0.913968 3.04648
129 0.983132 3.19329
130 1.02203 3.21275
131 0.982668 3.13699
132 1.09938 3.23948
133 0.853798 2.86361
134 0.967754 3.1856
135 1.02108 3.21227
136 0.943412 3.11975
137 0.99076 3.19711
138 0.899566 3.15149
139 1.03903 3.22125
140 0.97907 3.09195
141 1.09641 3.20393
142 0.887966 2.85427
143 1.15012 3.27052
144 0.888802 2.75789
145 1.01201 3.10243
146 0.918748 3.02513
147 1.05779 3.23063
148 0.93056 3.0199
149 1.03881 3.22114
150 1.00961 3.10779
151 0.99567 3.07637
152 0.868496 3.02367
153 0.945114 3.17428
154 1.01339 3.20842
155 0.943164 3.13922
156 1.22367 3.3136
157 0.784208 2.52457
158 0.8384 3.10083
159 1.05549 3.22948
160 1.09881 3.11008
161 0.750674 2.68399
162 1.04851 3.22599
163 0.84396 3.00012
164 1.11529 3.25939
165 0.90947 2.86309
166 0.98458 3.13101
167 0.989162 3.17254
168 1.01853 3.211
169 1.07984 3.19453
170 0.965966 2.93448
171 0.831266 2.95347
172 0.99179 3.19762
173 1.03358 3.21853
174 1.01894 3.12577
175 0.913984 3.025
176 1.01813 3.2108
177 0.970434 3.14079
178 1.05217 3.22783
179 0.916776 3.02729
180 0.989784 3.19662
181 1.01049 3.20698
182 0.98976 3.16992
183 0.963256 3.18272
184 1.13634 3.26992
185 0.857874 2.78363
186 1.09958 3.25153
187 0.865102 2.88076
188 0.947708 3.17557
189 0.971258 3.18736
190 1.1014 3.25244
191 0.993098 2.9404
192 0.874574 2.89843
193 0.934218 3.16883
194 1.11535 3.25942
195 0.855924 2.83603
196 0.9549 3.17917
197 0.94954 3.17649
198 0.98152 3.19249
199 1.01471 3.20908
200 0.966324 3.14745
201 0.92109 3.16226
202 1.00179 3.20263
203 1.05887 3.22662
204 0.881492 2.98801
205 1.00801 3.20573
206 1.02963 3.19617
207 0.910786 3.06128
208 1.01196 3.20771
209 1.05517 3.19891
210 0.881992 2.97181
211 0.991984 3.19772
212 0.902876 3.15315
213 1.05271 3.22809
214 1.02516 3.08025
215 0.837012 2.92192
216 0.993662 3.19856
217 0.961146 3.1823
218 0.913118 3.15827
219 1.01332 3.20839
220 0.965268 3.15044
221 1.10708 3.25528
222 0.868406 2.86333
223 1.10407 3.25378
224 0.799114 2.83618
225 0.916188 3.15981
226 0.931206 3.16732
227 0.964104 3.18377
228 1.03773 3.2206
229 1.09991 3.15578
230 0.861332 2.78207
231 0.99896 3.20121
232 0.881444 3.14243
233 1.02942 3.21644
234 0.937832 3.09574
235 1.03413 3.2188
236 1.03615 3.133
237 0.937582 2.99166
238 0.985824 3.17464
239 1.14056 3.27203
240 0.957396 2.82299
241 0.980512 2.94284
242 0.876222 2.94006
243 1.07031 3.2369
244 1.04944 3.04768
245 0.816156 2.80483
246 1.04138 3.22243
247 0.890764 3.04173
248 1.07235 3.23791
249 1.02039 3.02792
250 1.41695 2.88988
251 0.756782 1.65298
252 1.18635 2.38922
253 0.806304 1.8082
254 1.06023 2.36572
255 1.11422 2.23622
256 0.885438 1.88156
257 1.09385 2.23034
258 1.01523 1.97528
259 0.89554 1.89829
260 0.998232 2.18747
261 1.09141 2.22255
262 0.879178 1.92901
263 0.964988 2.2528
264 1.12991 2.39273
265 0.881116 1.99295
266 1.11641 2.36132
267 0.862524 1.99283
268 1.22406 2.4482
269 0.801784 1.7612
270 1.0871 2.33998
271 0.980192 2.09176
272 0.984738 2.14167
273 0.900604 2.1512
274 1.20453 2.49442
275 0.822438 1.86826
276 1.13795 2.4066
277 0.961696 2.0113
278 1.02247 2.12495
279 0.962736 2.0503
280 1.03014 2.16364
281 0.837408 2.02618
282 1.23994 2.55655
283 0.915024 1.86312
284 1.03761 2.11113
285 0.915088 1.97869
286 1.08079 2.24095
287 0.98869 2.0132
288 0.95877 2.03087
289 1.03527 2.1569
290 0.966126 2.04787
291 0.947924 2.12461
292 1.01343 2.2736
293 1.08743 2.26514
294 0.946112 2.00484
295 0.999772 2.15424
296 1.03984 2.16804
297 1.05164 2.0747
298 0.961604 1.91887
299 0.94564 2.0072
300 1.04772 2.17376
301 1.0249 2.04972
302 1.04625 1.99611
303 0.882222 1.82875
304 1.02019 2.16202
305 1.00812 2.10871
306 0.95365 2.07083
307 1.1896 2.26202
308 0.80177 1.6708
309 1.05541 2.23882
310 1.10928 2.12133
311 0.839296 1.76508
312 1.07993 2.23718
313 0.956986 2.00129
314 0.973416 2.11178
315 1.16692 2.24066
316 0.892286 1.74259
317 0.956204 2.02641
318 1.00552 2.14972
319 1.0361 2.14634
320 0.953678 2.03089
321 1.05635 2.17801
322 0.998864 2.02141
323 0.935892 2.00327
324 1.03538 2.19281
325 1.01539 2.09976
326 0.879068 2.017
327 1.1595 2.40523
328 0.966088 1.95174
329 1.11488 2.08384
330 0.780502 1.69237
331 1.0358 2.31324
332 1.08308 2.24126
333 0.980502 2.00443
334 0.96179 2.04581
335 1.12919 2.19451
336 0.825636 1.7785
337 1.10901 2.2982
338 0.991482 1.99315
339 0.93973 1.99673
340 0.993856 2.16189
341 1.03131 2.18928
342 1.02699 2.11137
343 1.05755 2.05564
344 0.881006 1.85656
345 1.01243 2.19072
346 1.06702 2.17837
347 1.04802 2.00856
348 0.812544 1.81303
349 1.16583 2.38791
350 0.91952 1.90147
351 1.07293 2.14875
352 0.896012 1.91206
353 1.02704 2.20948
354 1.05065 2.1512
355 1.06967 2.03394
356 0.918074 1.81372
357 0.992218 2.03811
358 0.899122 2.02624
359 1.23671 2.38418
360 0.800652 1.66208
361 0.983102 2.20931
362 1.0307 2.26634
363 1.09222 2.21159
364 0.96149 1.9432
365 1.00254 2.05077
366 0.997576 2.04292
367 0.896934 2.01545
368 1.14631 2.34973
369 0.992686 1.94175
370 1.0161 1.96736
371 0.916412 1.89491
372 1.06313 2.14757
373 0.821664 1.91329
374 1.2712 2.49758
375 0.759456 1.66591
376 1.1441 2.38087
377 0.958676 1.96759
378 0.934838 2.06056
379 1.05574 2.25979
380 1.01406 2.10982
381 0.97596 2.06287
382 1.11204 2.16661
383 0.80175 1.79012
384 1.09658 2.3722
385 1.01254 2.10838
386 0.937676 2.05295
387 1.05473 2.24396
388 0.885524 2.05424
389 1.19706 2.43689
390 0.879166 1.85048
391 1.16146 2.23894
392 0.80466 1.72653
393 1.25676 2.35306
394 0.746868 1.55759
395 1.14447 2.3072
396 0.846732 1.85576
397 1.16106 2.33416
398 0.850286 1.83795
399 1.12296 2.29389
400 0.945706 1.935
401 1.02509 2.09382
402 0.856796 1.97674
403 1.09013 2.40403
404 1.03507 2.16547
405 0.927122 2.04404
406 1.31763 2.35099
407 0.615152 1.34299
408 0.99305 2.40864
409 1.25122 2.51034
410 0.950154 1.79776
411 0.788332 1.86519
412 1.25875 2.53799
413 0.72809 1.73009
414 1.36042 2.60347
415 0.709836 1.50836
416 1.12716 2.35513
417 0.929056 1.97896
418 1.05369 2.19349
419 1.05139 2.06167
420 0.941956 1.9
421 0.857038 2.01347
422 1.16541 2.46485
423 0.964064 1.99417
424 1.03842 2.10653
425 0.895546 1.96533
426 1.10174 2.28875
427 0.921966 1.98074
428 1.10204 2.23091
429 0.867816 1.90414
430 1.0804 2.29747
431 0.983978 2.06914
432 0.997336 2.11269
433 0.96459 2.10836
434 1.19658 2.2715
435 0.758198 1.6463
436 1.23071 2.39317
437 0.74945 1.67038
438 1.08828 2.39487
439 0.989716 2.14648
440 1.13892 2.22089
441 0.91642 1.80829
442 0.919076 2.01298
443 1.00105 2.23792
444 1.19342 2.29875
445 0.75969 1.68275
446 1.08734 2.37847
447 0.959744 2.12279
448 1.04995 2.25099
449 1.0112 2.11612
450 0.961062 2.07216
451 0.955332 2.16545
452 1.10459 2.32389
453 1.00707 2.03619
454 0.880406 1.97689
455 1.12317 2.34943
456 0.969124 1.99763
457 0.92605 2.05873
458 1.10037 2.29707
459 1.00404 2.02009
460 0.88254 1.96988
461 1.09762 2.32807
462 0.869904 2.01416
463 1.21489 2.44604
464 0.907522 1.81978
465 0.88369 2.03752
466 1.13787 2.40582
467 0.906508 1.99241
468 0.986272 2.24736
469 1.11488 2.3233
470 0.91153 1.97536
471 1.1752 2.27863
472 0.78144 1.72036
473 1.24214 2.40659
474 0.685952 1.63081
475 1.12728 2.54485
476 0.972128 2.18229
477 1.04584 2.27477
478 1.05602 2.1661
479 1.06879 2.03366
480 0.831908 1.78706
481 1.07992 2.27977
482 0.84968 2.00827
483 1.21902 2.49767
484 0.833836 1.83519
485 1.14451 2.34393
486 0.959678 1.92995
487 0.961136 2.0288
488 1.00449 2.13808
489 1.14565 2.1738
490 0.87921 1.73029
491 1.05063 2.0817
492 0.848896 1.89112
493 1.19366 2.37428
494 0.937644 1.81703
495 0.854042 1.94119
496 1.18375 2.40685
497 0.805624 1.83278
498 1.23565 2.44988
499 0.886766 1.75934
