0 0.551062 2.76936
1 0.57393 1.3831
2 0.62516 1.5826
3 0.633198 1.6416
4 0.674298 1.77466
5 0.63904 1.88605
6 0.704578 2.08786
7 0.67438 2.09168
8 0.794402 2.4032
9 0.808122 2.60755
10 0.755394 2.52433
11 0.810912 2.77609
12 0.908304 3.16727
13 0.82075 3.12119
14 0.866036 3.45611
15 0.884474 3.43494
16 0.91464 3.90986
17 0.896042 4.16103
18 0.883136 3.9014
19 0.836344 3.8789
20 0.927382 4.9288
21 0.878464 4.94333
22 1.35558 5.81942
23 1.28869 5.72161
24 1.23932 5.42308
25 1.15833 5.2522
26 1.20315 4.41522
27 1.1518 4.25176
28 1.18089 4.24708
29 1.14199 4.35922
30 1.1019 3.85142
31 1.12107 3.93568
32 1.15168 3.99022
33 1.03542 3.67479
34 1.01888 3.60211
35 1.07342 3.71393
36 1.0273 3.53433
37 1.09185 3.85654
38 1.07931 3.71783
39 1.02754 3.62792
40 1.05757 3.61924
41 0.990736 3.42386
42 1.08561 3.70865
43 0.912282 3.21975
44 1.07345 3.46513
45 1.08854 3.55801
46 1.04425 3.39443
47 1.06701 3.46508
48 1.03069 3.35451
49 1.00514 3.24637
50 0.967766 3.12551
51 1.14045 3.623
52 1.00225 3.28573
53 1.02851 3.31777
54 1.00554 3.23527
55 0.99225 3.12654
56 0.95527 3.12754
57 0.999408 3.25233
58 1.01465 3.29729
59 0.96528 3.11699
60 1.00097 3.25744
61 1.06993 3.49592
62 1.0254 3.32931
63 1.07452 3.39259
64 0.996218 3.20873
65 1.04459 3.36999
66 1.00027 3.2644
67 1.00771 3.296
68 0.983398 3.08239
69 0.997078 3.23245
70 1.00046 3.25988
71 0.96598 3.03286
72 1.00484 3.15951
73 1.00741 3.16682
74 1.00165 3.14748
75 1.0361 3.25541
76 1.02991 3.22967
77 1.04328 3.26629
78 0.95389 2.97935
79 1.01821 3.18831
80 1.01846 3.18591
81 0.990962 3.09675
82 1.06512 3.33014
83 0.97464 3.03629
84 1.00203 3.12603
85 0.965536 3.01184
86 1.04206 3.25675
87 1.03911 3.23996
88 1.05788 3.29129
89 1.06743 3.31013
90 0.990562 3.05989
91 0.98575 3.04669
92 0.9429 2.91665
93 1.04593 3.24593
94 1.03221 3.19496
95 0.979818 3.02716
96 0.986198 3.05043
97 0.936656 2.89949
98 0.946726 2.94127
99 1.00807 3.14123
100 1.0158 3.1639
101 1.01282 3.15183
102 0.953354 2.96463
103 1.04542 3.25941
104 0.968762 3.01275
105 0.931924 2.90327
106 0.97913 3.06185
107 1.04728 3.27871
108 1.00676 3.14367
109 0.945954 2.9527
110 1.05237 3.29465
111 1.00594 3.14023
112 1.02409 3.19583
113 1.00898 3.14447
114 0.98665 3.07335
115 1.01583 3.16661
116 1.00562 3.13199
117 0.94935 2.95582
118 0.984346 3.07343
119 0.94918 2.96619
120 1.01115 3.16865
121 1.02576 3.21247
122 1.08422 3.39079
123 1.01266 3.15222
124 1.04957 3.2648
125 0.992516 3.07868
126 0.994038 3.08471
127 0.994024 3.08572
128 0.992608 3.08236
129 0.955236 2.96756
130 0.987348 3.07505
131 1.01746 3.17108
132 0.967866 3.01356
133 1.07044 3.33892
134 1.01719 3.16031
135 0.975456 3.0277
136 1.02981 3.20086
137 0.966148 2.99792
138 0.950236 2.9542
139 0.98744 3.07843
140 0.979378 3.05542
141 1.0096 3.15332
142 0.997546 3.114
143 0.953958 2.97834
144 1.02524 3.20902
145 1.0768 3.36572
146 1.05176 3.27345
147 1.03763 3.22008
148 1.00574 3.11439
149 0.995858 3.08278
150 1.02993 3.18902
151 0.95775 2.96041
152 0.994052 3.0801
153 1.00308 3.10914
154 1.01981 3.16043
155 1.00086 3.09819
156 0.988204 3.05885
157 1.00051 3.09904
158 0.916414 2.83848
159 0.950582 2.95829
160 1.05154 3.28152
161 0.966496 3.00746
162 1.02532 3.19648
163 1.02785 3.19986
164 1.00906 3.13643
165 1.03754 3.2233
166 0.93035 2.88415
167 1.04624 3.25622
168 0.981972 3.04824
169 0.975304 3.03063
170 0.986796 3.07061
171 1.0716 3.33695
172 0.941344 2.91952
173 1.01118 3.14654
174 1.03045 3.20447
175 0.908776 2.82124
176 1.00436 3.13397
177 1.00675 3.14066
178 0.979716 3.05518
179 1.01061 3.15509
180 1.04406 3.25759
181 1.0564 3.28799
182 0.974292 3.02279
183 0.996024 3.09473
184 1.05772 3.28715
185 0.97916 3.03304
186 0.96946 3.00658
187 0.95555 2.96858
188 0.998238 3.10895
189 1.03249 3.21593
190 1.00468 3.12361
191 1.01343 3.15001
192 1.02121 3.17178
193 1.02774 3.18821
194 1.02712 3.18125
195 0.986492 3.05065
196 0.977872 3.02635
197 1.016 3.14836
198 0.92716 2.87041
199 0.99104 3.08092
200 0.98939 3.07735
201 0.985258 3.06632
202 0.984044 3.06507
203 0.96546 3.00986
204 1.01597 3.17341
205 1.0146 3.16634
206 1.04434 3.25649
207 1.02914 3.20116
208 0.935784 2.90598
209 0.999712 3.11573
210 1.00703 3.13858
211 0.980042 3.05327
212 0.993802 3.09959
213 1.03141 3.21798
214 1.00541 3.1314
215 0.988956 3.07921
216 0.997392 3.10739
217 0.949186 2.95764
218 1.0351 3.23445
219 1.01005 3.15003
220 0.987712 3.07865
221 0.999956 3.11895
222 1.02671 3.20242
223 0.979838 3.05167
224 1.00024 3.11872
225 1.03678 3.23261
226 1.00953 3.14118
227 1.05789 3.28989
228 1.00753 3.123
229 0.947068 2.93432
230 1.00057 3.10944
231 0.965416 3.00008
232 1.02292 3.18496
233 0.97686 3.03764
234 0.979982 3.05131
235 0.989044 3.08297
236 1.06175 3.31163
237 0.988518 3.07258
238 0.932582 2.90058
239 1.02922 3.21322
240 1.01091 3.15093
241 0.983882 3.06482
242 1.0347 3.22603
243 0.972156 3.02515
244 1.04201 3.24756
245 0.989554 3.07684
246 0.969996 3.0178
247 1.0314 3.21423
248 0.99473 3.09451
249 1.01999 3.17403
250 0.965582 3.00134
251 1.01569 3.16319
252 0.99234 3.08777
253 0.969626 3.01838
254 1.02751 3.20399
255 1.01936 3.17371
256 1.05752 3.28894
257 0.99432 3.08233
258 0.93108 2.88722
259 1.02862 3.20213
260 1.02743 3.1933
261 1.02259 3.17332
262 0.963156 2.98503
263 0.950946 2.95337
264 1.0235 3.18749
265 1.00258 3.11822
266 0.963542 2.99638
267 0.9874 3.07685
268 1.00175 3.12376
269 1.03646 3.23168
270 0.967256 3.00976
271 1.01284 3.15739
272 0.993128 3.09371
273 0.974522 3.03692
274 0.993212 3.09955
275 0.956204 2.98517
276 1.06881 3.34477
277 1.05697 3.29519
278 1.0121 3.14525
279 0.975628 3.02982
280 0.93673 2.91302
281 0.958286 2.9906
282 0.995826 3.11491
283 0.963354 3.01403
284 1.04454 3.27455
285 1.00854 3.15406
286 1.00024 3.12662
287 0.97665 3.05284
288 1.00002 3.12989
289 0.962438 3.01226
290 0.948572 2.97494
291 1.04581 3.28899
292 1.03611 3.25046
293 1.00295 3.14027
294 1.03582 3.24267
295 1.00349 3.13528
296 0.966562 3.01933
297 1.01006 3.161
298 0.98806 3.09046
299 1.00067 3.13193
300 1.02568 3.21011
301 0.965068 3.01616
302 1.04281 3.26536
303 0.990168 3.09325
304 1.00529 3.14219
305 1.08091 3.37757
306 0.976954 3.03903
307 1.02235 3.18436
308 1.02728 3.19571
309 0.997944 3.09967
310 0.988436 3.07049
311 1.02791 3.19519
312 0.960778 2.98181
313 0.963004 2.99536
314 0.947086 2.95195
315 0.992686 3.10315
316 0.964268 3.01553
317 1.01264 3.17297
318 1.04881 3.28405
319 1.00279 3.13156
320 1.02512 3.20081
321 1.03667 3.23237
322 0.999678 3.11064
323 0.95369 2.96759
324 0.996512 3.10886
325 0.965424 3.01246
326 1.01349 3.16848
327 0.997384 3.11582
328 1.05126 3.28459
329 0.988156 3.07867
330 1.04174 3.24776
331 1.00147 3.11494
332 0.964692 3.00029
333 1.00581 3.13436
334 1.01271 3.15485
335 1.0211 3.17872
336 1.02353 3.18251
337 1.01468 3.15081
338 0.96469 2.99308
339 1.00212 3.11543
340 0.98302 3.05569
341 0.978024 3.04306
342 1.06848 3.3286
343 0.997458 3.09539
344 1.01111 3.13819
345 0.995894 3.08903
346 1.00742 3.12551
347 0.956858 2.96739
348 0.946174 2.94144
349 1.06894 3.33313
350 0.925332 2.87419
351 1.00689 3.14065
352 1.02381 3.1922
353 0.991604 3.08767
354 0.983568 3.06409
355 0.981242 3.05964
356 1.02033 3.18485
357 1.04497 3.25805
358 1.02095 3.17517
359 1.02555 3.18572
360 0.977834 3.0331
361 0.95379 2.96224
362 1.04003 3.23849
363 0.949226 2.94909
364 0.998196 3.11009
365 0.971388 3.02687
366 1.03339 3.22519
367 1.04623 3.2592
368 1.03211 3.2069
369 1.02857 3.19006
370 1.06331 3.29243
371 0.99565 3.07165
372 1.01276 3.12523
373 0.969914 2.99078
374 0.975966 3.01472
375 0.965856 2.98765
376 1.02239 3.16871
377 0.981168 3.03706
378 0.954692 2.95831
379 0.978482 3.03985
380 1.00802 3.1354
381 1.00726 3.13162
382 0.980062 3.04583
383 0.99878 3.10749
384 0.933486 2.90454
385 0.946164 2.95491
386 1.01969 3.19394
387 0.931144 2.91347
388 1.00361 3.15196
389 0.966884 3.03603
390 1.06653 3.35486
391 1.00062 3.13629
392 0.975556 3.05762
393 1.0207 3.20336
394 1.06212 3.32963
395 0.9929 3.10207
396 0.937804 2.93107
397 1.05216 3.29968
398 1.0156 3.17597
399 1.0092 3.15325
400 0.973408 3.03988
401 0.968544 3.02912
402 1.00473 3.14769
403 0.993722 3.11241
404 0.99395 3.11419
405 0.982026 3.07784
406 1.0668 3.34681
407 0.976716 3.05303
408 0.993628 3.10987
409 1.04302 3.26558
410 0.990346 3.09337
411 1.01199 3.16264
412 0.99828 3.11775
413 1.0225 3.19369
414 0.99348 3.09919
415 1.01162 3.15691
416 1.00205 3.12504
417 1.014 3.16195
418 0.997772 3.10892
419 0.99788 3.10964
420 0.952894 2.96981
421 1.0176 3.17974
422 0.985222 3.07559
423 1.0148 3.17051
424 1.06789 3.33366
425 0.988586 3.07442
426 0.979962 3.04956
427 1.00512 3.13135
428 0.977992 3.04597
429 0.983312 3.06631
430 1.02967 3.21385
431 0.99513 3.10091
432 1.02417 3.19228
433 0.956464 2.97721
434 0.946862 2.95448
435 0.9967 3.11911
436 1.001 3.13312
437 1.07587 3.36728
438 0.98672 3.07536
439 1.07852 3.36396
440 1.0289 3.1951
441 0.953178 2.95509
442 0.999552 3.10711
443 1.01172 3.14501
444 1.00511 3.12239
445 1.04938 3.25898
446 0.939414 2.90926
447 0.991822 3.08218
448 0.98122 3.05063
449 1.00542 3.12916
450 0.962364 2.99426
451 0.992974 3.09601
452 1.01698 3.1721
453 1.02979 3.209
454 1.00581 3.12907
455 1.0224 3.17963
456 1.01185 3.14285
457 0.97728 3.03343
458 1.03974 3.23147
459 0.960138 2.97734
460 1.00471 3.1226
461 0.991088 3.07945
462 1.00997 3.1397
463 0.978342 3.03967
464 0.958104 2.98043
465 0.933944 2.91209
466 1.05725 3.30858
467 1.07387 3.35003
468 1.02331 3.1791
469 0.999978 3.10252
470 0.98741 3.06353
471 1.00603 3.12355
472 0.961972 2.98572
473 0.94884 2.9513
474 1.07972 3.36801
475 0.995006 3.08991
476 1.03541 3.21628
477 1.00198 3.10619
478 0.987608 3.06128
479 1.03417 3.20788
480 1.02949 3.18713
481 0.977466 3.02093
482 1.01992 3.15623
483 0.954152 2.94932
484 0.976984 3.02787
485 1.00106 3.10655
486 1.0003 3.10403
487 1.01989 3.16475
488 1.01279 3.13917
489 0.990664 3.06833
490 0.969068 3.00305
491 1.01425 3.1486
492 1.02068 3.16601
493 0.942626 2.92044
494 0.987968 3.07091
495 0.99284 3.08815
496 0.983142 3.05921
497 0.914942 2.84969
498 0.967246 3.0268
499 1.04077 3.2627
500 1.48404 3.01438
501 1.42552 2.81842
502 1.39499 2.71368
503 1.32652 2.5915
504 1.33831 2.73855
505 1.20709 2.64587
506 1.20648 2.59637
507 1.16737 2.45992
508 1.11476 2.5173
509 1.13944 2.76643
510 1.23578 3.0847
511 1.17362 2.557
512 1.15329 2.90004
513 1.11419 2.68483
514 1.07833 3.09635
515 1.05553 3.30836
516 1.06154 3.75792
517 0.995958 2.86757
518 1.09668 3.81604
519 0.98719 2.60014
520 0.946758 2.32921
521 0.962998 2.23521
522 1.06008 2.31981
523 1.0705 2.0473
524 1.06014 2.26771
525 0.968346 3.06472
526 1.0333 2.04691
527 0.926316 2.6253
528 1.01343 2.13752
529 0.979652 2.60837
530 0.995616 1.84371
531 0.961802 2.45012
532 1.12046 2.09033
533 0.96007 2.00431
534 0.9981 1.98328
535 1.02167 1.90288
536 0.924578 2.26997
537 1.0662 2.15896
538 0.99254 2.3577
539 1.04613 2.09125
540 1.03394 2.01396
541 0.994108 1.96934
542 1.07009 2.02129
543 0.861916 2.01172
544 1.02495 2.02285
545 1.07727 1.98884
546 1.04811 1.92655
547 1.04861 1.95478
548 1.03892 1.81856
549 1.01293 1.81282
550 0.983556 1.76467
551 1.11816 2.03386
552 1.02035 1.82398
553 1.03135 1.81701
554 0.996262 1.807
555 0.989348 1.75363
556 0.96978 1.72031
557 1.01087 1.74556
558 1.02108 1.80529
559 0.95127 1.71361
560 1.00713 1.77662
561 1.08978 1.81793
562 1.03251 1.78244
563 1.06063 1.88737
564 0.984178 1.76714
565 1.05016 1.84257
566 1.02178 1.81724
567 1.01958 1.76284
568 0.97768 1.62988
569 1.01219 1.73415
570 1.00542 1.68793
571 0.952142 1.61471
572 0.998748 1.68552
573 0.999774 1.68952
574 1.00161 1.68332
575 1.03576 1.69978
576 1.02426 1.71935
577 1.03906 1.73648
578 0.944884 1.60205
579 1.02042 1.67213
580 1.02048 1.67091
581 0.992738 1.62416
582 1.06684 1.74589
583 0.976056 1.59307
584 1.00334 1.63919
585 0.966674 1.57907
586 1.04317 1.70629
587 1.0401 1.69834
588 1.05879 1.72606
589 1.06825 1.73732
590 0.99125 1.60754
591 0.986366 1.6002
592 0.94343 1.53141
593 1.04646 1.70262
594 1.03268 1.67699
595 0.980218 1.58963
596 0.98656 1.60124
597 0.936966 1.52159
598 0.947006 1.54189
599 1.00834 1.64528
600 1.01604 1.6573
601 1.01304 1.65133
602 0.953538 1.55351
603 1.0456 1.7067
604 0.968914 1.57862
605 0.932056 1.52048
606 0.979256 1.60183
607 1.0474 1.7147
608 1.00686 1.64524
609 0.946042 1.54543
610 1.05246 1.72297
611 1.00601 1.6435
612 1.02416 1.67273
613 1.00904 1.64644
614 0.986706 1.60942
615 1.01589 1.6579
616 1.00566 1.64017
617 0.949388 1.54803
618 0.984382 1.60836
619 0.949212 1.55186
620 1.01118 1.6565
621 1.02579 1.67969
622 1.08425 1.77361
623 1.01268 1.65095
624 1.04959 1.71025
625 0.992532 1.61399
626 0.994054 1.61696
627 0.994038 1.61734
628 0.99262 1.61542
629 0.955248 1.55507
630 0.987358 1.61027
631 1.01747 1.66023
632 0.967874 1.57819
633 1.07045 1.7477
634 1.0172 1.65602
635 0.975462 1.58696
636 1.02982 1.67707
637 0.966154 1.57148
638 0.95024 1.54774
639 0.987444 1.61158
640 0.97938 1.59922
641 1.00961 1.64994
642 0.997548 1.62961
643 0.95396 1.55855
644 1.02525 1.67809
645 1.0768 1.76071
646 1.05176 1.71446
647 1.03764 1.68788
648 1.00574 1.63345
649 0.99586 1.61702
650 1.02993 1.67264
651 0.95775 1.55348
652 0.994052 1.61519
653 1.00308 1.63027
654 1.01981 1.65724
655 1.00086 1.62512
656 0.988206 1.60451
657 1.00051 1.62528
658 0.916416 1.48864
659 0.950582 1.54943
660 1.05154 1.71742
661 0.966496 1.57524
662 1.02532 1.67338
663 1.02785 1.6758
664 1.00906 1.6433
665 1.03754 1.68905
666 0.93035 1.51223
667 1.04624 1.70544
668 0.981972 1.59767
669 0.975304 1.58799
670 0.986796 1.60832
671 1.0716 1.74746
672 0.941344 1.53058
673 1.01118 1.64808
674 1.03045 1.67872
675 0.908776 1.47866
676 1.00436 1.64024
677 1.00675 1.64385
678 0.979716 1.59928
679 1.01061 1.65106
680 1.04406 1.70498
681 1.0564 1.72206
682 0.974292 1.58456
683 0.996024 1.62162
684 1.05772 1.72234
685 0.97916 1.59065
686 0.96946 1.57624
687 0.95555 1.55557
688 0.998238 1.628
689 1.03249 1.68398
690 1.00468 1.63646
691 1.01343 1.65041
692 1.02121 1.66217
693 1.02774 1.67134
694 1.02712 1.66843
695 0.986492 1.60063
696 0.977872 1.58753
697 1.016 1.65095
698 0.92716 1.50559
699 0.99104 1.61414
700 0.98939 1.61204
701 0.985258 1.606
702 0.984044 1.60498
703 0.96546 1.57568
704 1.01597 1.66042
705 1.0146 1.65712
706 1.04434 1.70469
707 1.02914 1.67687
708 0.935784 1.52294
709 0.999712 1.63123
710 1.00703 1.64319
711 0.980042 1.59871
712 0.993802 1.62245
713 1.03141 1.68427
714 1.00541 1.63975
715 0.988956 1.61255
716 0.997392 1.62703
717 0.949186 1.54856
718 1.0351 1.69217
719 1.01005 1.64889
720 0.987712 1.61178
721 0.999956 1.63256
722 1.02671 1.67625
723 0.979838 1.598
724 1.00024 1.63261
725 1.03678 1.69223
726 1.00953 1.64531
727 1.05789 1.72346
728 1.00753 1.63752
729 0.947068 1.53877
730 1.00057 1.62925
731 0.965416 1.57196
732 1.02292 1.66793
733 0.97686 1.59135
734 0.979982 1.59793
735 0.989044 1.61401
736 1.06175 1.73343
737 0.988518 1.60984
738 0.932582 1.51945
739 1.02922 1.68148
740 1.01091 1.64962
741 0.983882 1.60481
742 1.0347 1.6888
743 0.972156 1.58449
744 1.04201 1.70025
745 0.989554 1.61192
746 0.969996 1.58074
747 1.0314 1.68284
748 0.99473 1.62095
749 1.01999 1.66247
750 0.965582 1.57251
751 1.01569 1.65642
752 0.99234 1.61732
753 0.969626 1.58079
754 1.02751 1.6772
755 1.01936 1.66206
756 1.05752 1.72292
757 0.99432 1.61615
758 0.93108 1.51372
759 1.02862 1.67701
760 1.02743 1.67313
761 1.02259 1.66337
762 0.963156 1.56524
763 0.950946 1.54774
764 1.0235 1.66915
765 1.00258 1.63347
766 0.963542 1.56971
767 0.9874 1.61095
768 1.00175 1.63519
769 1.03646 1.69174
770 0.967256 1.57645
771 1.01284 1.65293
772 0.993128 1.61993
773 0.974522 1.59002
774 0.993212 1.62217
775 0.956204 1.56215
776 1.06881 1.74916
777 1.05697 1.72504
778 1.0121 1.64801
779 0.975628 1.58783
780 0.93673 1.52604
781 0.958286 1.56515
782 0.995826 1.62917
783 0.963354 1.57631
784 1.04454 1.71161
785 1.00854 1.64974
786 1.00024 1.6356
787 0.97665 1.597
788 1.00002 1.63673
789 0.962438 1.57522
790 0.948572 1.55483
791 1.04581 1.71766
792 1.03611 1.69868
793 1.00295 1.64199
794 1.03582 1.69561
795 1.00349 1.64035
796 0.966562 1.57976
797 1.01006 1.65305
798 0.98806 1.6164
799 1.00067 1.6378
800 1.02568 1.6787
801 0.965068 1.57789
802 1.04281 1.70735
803 0.990168 1.61841
804 1.00529 1.64377
805 1.08091 1.76705
806 0.976954 1.59191
807 1.02235 1.66744
808 1.02728 1.67397
809 0.997944 1.62436
810 0.988436 1.60901
811 1.02791 1.67405
812 0.960778 1.56295
813 0.963004 1.56908
814 0.947086 1.54546
815 0.992686 1.6233
816 0.964268 1.57729
817 1.01264 1.65874
818 1.04881 1.71714
819 1.00279 1.63862
820 1.02512 1.67493
821 1.03667 1.69209
822 0.999678 1.62929
823 0.95369 1.55436
824 0.996512 1.62719
825 0.965424 1.57664
826 1.01349 1.65743
827 0.997384 1.63022
828 1.05126 1.71845
829 0.988156 1.61198
830 1.04174 1.70021
831 1.00147 1.63173
832 0.964692 1.57171
833 1.00581 1.64105
834 1.01271 1.65192
835 1.0211 1.66474
836 1.02353 1.66728
837 1.01468 1.65128
838 0.96469 1.56898
839 1.00212 1.63221
840 0.98302 1.60096
841 0.978024 1.59392
842 1.06848 1.74289
843 0.997458 1.62251
844 1.01111 1.64489
845 0.995894 1.6194
846 1.00742 1.63842
847 0.956858 1.55572
848 0.946174 1.54106
849 1.06894 1.74481
850 0.925332 1.50619
851 1.00689 1.64392
852 1.02381 1.67108
853 0.991604 1.61695
854 0.983568 1.60439
855 0.981242 1.60165
856 1.02033 1.66672
857 1.04497 1.70556
858 1.02095 1.66333
859 1.02555 1.6694
860 0.977834 1.59007
861 0.95379 1.55238
862 1.04003 1.69593
863 0.949226 1.54534
864 0.998196 1.62842
865 0.971388 1.5848
866 1.03339 1.68789
867 1.04623 1.70657
868 1.03211 1.68039
869 1.02857 1.67242
870 1.06331 1.72687
871 0.99565 1.61272
872 1.01276 1.64072
873 0.969914 1.57047
874 0.975966 1.58227
875 0.965856 1.56745
876 1.02239 1.66154
877 0.981168 1.59308
878 0.954692 1.5513
879 0.978482 1.59292
880 1.00802 1.64243
881 1.00726 1.64066
882 0.980062 1.5959
883 0.99878 1.62769
884 0.933486 1.52136
885 0.946164 1.54616
886 1.01969 1.66987
887 0.931144 1.52368
888 1.00361 1.64671
889 0.966884 1.58623
890 1.06653 1.75195
891 1.00062 1.63943
892 0.975556 1.59832
893 1.0207 1.67389
894 1.06212 1.74041
895 0.9929 1.62298
896 0.937804 1.53335
897 1.05216 1.72457
898 1.0156 1.66121
899 1.0092 1.64972
900 0.973408 1.59064
901 0.968544 1.58437
902 1.00473 1.6456
903 0.993722 1.62727
904 0.99395 1.62805
905 0.982026 1.6089
906 1.0668 1.74903
907 0.976716 1.59711
908 0.993628 1.62627
909 1.04302 1.70753
910 0.990346 1.61854
911 1.01199 1.65454
912 0.99828 1.63135
913 1.0225 1.67105
914 0.99348 1.62216
915 1.01162 1.6522
916 1.00205 1.63582
917 1.014 1.65518
918 0.997772 1.62778
919 0.99788 1.62811
920 0.952894 1.55484
921 1.0176 1.66355
922 0.985222 1.60949
923 1.0148 1.65879
924 1.06789 1.74454
925 0.988586 1.61057
926 0.979962 1.59726
927 1.00512 1.63959
928 0.977992 1.59502
929 0.983312 1.60511
930 1.02967 1.68191
931 0.99513 1.62355
932 1.02417 1.67126
933 0.956464 1.55926
934 0.946862 1.54631
935 0.9967 1.63115
936 1.001 1.6384
937 1.07587 1.76087
938 0.98672 1.61008
939 1.07852 1.76081
940 1.0289 1.67447
941 0.953178 1.5494
942 0.999552 1.6279
943 1.01172 1.64775
944 1.00511 1.63619
945 1.04938 1.70791
946 0.939414 1.52582
947 0.991822 1.61497
948 0.98122 1.59823
949 1.00542 1.63889
950 0.962364 1.56838
951 0.992974 1.62072
952 1.01698 1.66038
953 1.02979 1.68013
954 1.00581 1.63904
955 1.0224 1.66568
956 1.01185 1.64699
957 0.97728 1.58995
958 1.03974 1.69314
959 0.960138 1.56097
960 1.00471 1.6361
961 0.991088 1.6136
962 1.00997 1.64495
963 0.978342 1.59278
964 0.958104 1.56121
965 0.933944 1.52443
966 1.05725 1.73024
967 1.07387 1.75344
968 1.02331 1.66589
969 0.999978 1.62635
970 0.98741 1.60592
971 1.00603 1.63705
972 0.961972 1.56496
973 0.94884 1.546
974 1.07972 1.76289
975 0.995006 1.61933
976 1.03541 1.68543
977 1.00198 1.62865
978 0.987608 1.60516
979 1.03417 1.68169
980 1.02949 1.67172
981 0.977466 1.5853
982 1.01992 1.6557
983 0.954152 1.54765
984 0.976984 1.58771
985 1.00106 1.62837
986 1.0003 1.62707
987 1.01989 1.65891
988 1.01279 1.64602
989 0.990664 1.60921
990 0.969068 1.57473
991 1.01425 1.65025
992 1.02068 1.65975
993 0.942626 1.53151
994 0.987968 1.60896
995 0.99284 1.61769
996 0.983142 1.60235
997 0.914942 1.49222
998 0.967246 1.5829
999 1.04077 1.70543
