0 0.565704 2.81449
1 0.854312 2.52547
2 1.05036 3.18454
3 0.89832 2.9036
4 0.974172 3.35627
5 1.1354 3.54403
6 0.947554 2.89485
7 1.03394 3.15255
8 1.06939 3.02993
9 0.905544 2.68199
10 0.941816 3.07082
11 1.08351 3.37974
12 0.926462 2.95964
13 0.91185 3.25247
14 1.09901 3.76814
15 0.94528 3.22504
16 1.06233 3.50753
17 0.915424 3.17912
18 1.15471 3.67331
19 0.918614 2.89405
20 0.994824 3.26473
21 1.01758 3.29732
22 0.977364 3.2053
23 0.892806 3.25509
24 1.14572 3.91701
25 0.923968 3.11389
26 1.05812 3.49172
27 1.03088 3.24026
28 1.00523 3.10087
29 0.973906 3.06404
30 1.01078 3.18922
31 0.850238 3.06576
32 1.15111 3.92647
33 1.04959 3.15863
34 0.992042 2.92633
35 0.933784 2.93104
36 1.03585 3.25279
37 1.03201 3.10363
38 0.95368 2.93386
39 1.01229 3.15271
40 0.983878 3.08828
41 0.93207 3.1287
42 0.98526 3.43219
43 1.09045 3.54793
44 0.993572 3.12728
45 0.974626 3.14426
46 1.03727 3.27936
47 1.07489 3.14483
48 0.992742 2.80174
49 0.924132 2.79574
50 1.01569 3.14955
51 1.05076 3.10225
52 1.06166 2.8975
53 0.91307 2.60056
54 0.95247 2.94956
55 1.01397 3.17477
56 0.958232 3.09002
57 1.16183 3.36289
58 0.914988 2.60302
59 0.947714 2.94116
60 1.1334 3.24746
61 0.903722 2.61206
62 0.989464 3.02373
63 0.99618 3.07031
64 0.952964 3.06481
65 1.14852 3.35515
66 0.99854 2.68928
67 0.894226 2.6463
68 0.973822 3.09862
69 1.03636 3.23691
70 0.973062 3.05648
71 1.03218 3.19616
72 1.02991 3.06272
73 0.935798 2.89409
74 1.00094 3.18931
75 1.03232 3.20104
76 0.887312 2.99734
77 1.09455 3.56821
78 1.05381 3.15338
79 1.09484 2.9507
80 0.850968 2.48407
81 0.923578 3.09071
82 1.08618 3.48467
83 1.02754 3.10186
84 0.952616 2.95216
85 1.10565 3.22213
86 0.897994 2.70014
87 1.01629 3.16291
88 1.04902 3.11203
89 0.935604 2.8553
90 0.962178 3.13238
91 1.02464 3.31824
92 1.04393 3.22697
93 1.07443 3.06102
94 0.915206 2.69335
95 0.948996 3.0425
96 1.06728 3.31022
97 1.08892 3.04361
98 0.840268 2.58453
99 1.0599 3.32099
100 1.00759 3.04909
101 1.03009 3.02878
102 0.93484 2.85894
103 0.97508 3.14587
104 1.06065 3.29059
105 1.10125 3.06056
106 0.964252 2.60621
107 0.941792 2.72639
108 0.891208 2.92877
109 1.17505 3.5162
110 0.939104 2.69581
111 0.884122 2.90341
112 1.00795 3.43789
113 1.10665 3.45578
114 1.01474 2.97164
115 0.981548 2.89487
116 0.998346 2.97902
117 0.895736 2.93618
118 1.08883 3.45887
119 1.07735 3.08793
120 1.01251 2.75057
121 0.926808 2.665
122 1.01168 2.98721
123 0.851394 2.86203
124 1.17264 3.64847
125 0.903376 2.79015
126 1.02648 3.24483
127 1.03231 3.13904
128 0.91575 2.94948
129 1.01899 3.34519
130 1.04133 3.27872
131 0.984984 3.08133
132 1.09843 3.19898
133 0.861772 2.69218
134 0.99812 3.31219
135 1.0549 3.34851
136 0.946334 3.06971
137 1.02244 3.32708
138 0.909626 3.17896
139 1.13662 3.70038
140 0.985998 3.02752
141 1.09546 3.13874
142 0.897288 2.66785
143 1.13913 3.19019
144 0.906238 2.53928
145 0.998088 2.93407
146 0.91915 2.90401
147 1.08178 3.31584
148 0.93438 2.9075
149 1.04682 3.23201
150 1.01232 3.02252
151 0.996338 2.96401
152 0.868282 2.91719
153 1.01893 3.5385
154 1.07501 3.48097
155 0.947468 3.11026
156 1.2726 3.48905
157 0.810706 2.26448
158 0.813528 2.91923
159 1.19561 3.97921
160 1.10931 3.02487
161 0.762114 2.45009
162 1.12551 3.56383
163 0.848384 2.9114
164 1.22296 3.76248
165 0.918174 2.67055
166 0.975794 3.01614
167 0.987688 3.1213
168 1.01927 3.18741
169 1.08109 3.13865
170 0.97315 2.76175
171 0.827744 2.79331
172 1.08239 3.65555
173 1.05 3.26981
174 1.02174 3.05035
175 0.915124 2.90935
176 1.0467 3.32198
177 0.973064 3.09406
178 1.06243 3.24883
179 0.919996 2.92272
180 1.01555 3.29738
181 1.02223 3.2371
182 0.991122 3.13055
183 0.962768 3.15287
184 1.17469 3.41176
185 0.869836 2.5729
186 1.09132 3.18653
187 0.872808 2.71522
188 0.972094 3.27421
189 1.02136 3.41295
190 1.13642 3.38375
191 1.00149 2.7658
192 0.874156 2.70074
193 0.953474 3.24235
194 1.18642 3.55086
195 0.864104 2.64513
196 0.971046 3.23484
197 0.99107 3.36301
198 1.03257 3.42051
199 1.03686 3.28955
200 0.968458 3.10458
201 0.93666 3.21761
202 1.07739 3.55199
203 1.06486 3.22404
204 0.88485 2.86991
205 1.05889 3.42718
206 1.03358 3.17317
207 0.912582 2.97616
208 1.0583 3.40622
209 1.05897 3.16738
210 0.88511 2.84064
211 1.03523 3.38477
212 0.912764 3.17951
213 1.14843 3.68744
214 1.03187 2.98715
215 0.838554 2.76476
216 1.06744 3.53911
217 0.972514 3.21319
218 0.947174 3.31248
219 1.1001 3.62849
220 0.971748 3.13189
221 1.12886 3.32609
222 0.876784 2.68736
223 1.12002 3.29844
224 0.806516 2.66608
225 0.991388 3.54938
226 1.01474 3.60967
227 1.03801 3.53924
228 1.08092 3.39924
229 1.10429 3.07758
230 0.872964 2.56697
231 0.986692 3.11374
232 0.881486 3.11608
233 1.1408 3.79345
234 0.945946 3.05693
235 1.06462 3.33733
236 1.03964 3.05933
237 0.939758 2.84786
238 0.982298 3.11593
239 1.14638 3.27001
240 0.97303 2.61068
241 0.974466 2.71007
242 0.872792 2.75523
243 1.10883 3.38845
244 1.05447 2.91263
245 0.822788 2.60131
246 1.09228 3.43708
247 0.89463 2.96114
248 1.13777 3.51393
249 1.02552 2.89079
250 1.4284 2.75786
251 0.880098 1.44906
252 1.09451 1.76825
253 0.874872 1.50357
254 1.00222 1.8168
255 1.13928 1.84741
256 0.910242 1.47658
257 1.05682 1.71194
258 1.05294 1.58579
259 0.88815 1.42689
260 0.97311 1.69458
261 1.095 1.78562
262 0.90178 1.52665
263 0.93323 1.74989
264 1.11813 1.97439
265 0.919794 1.63409
266 1.07853 1.86212
267 0.898776 1.63227
268 1.1778 1.94984
269 0.874672 1.45806
270 1.02373 1.77179
271 1.01402 1.71724
272 0.97338 1.67585
273 0.89873 1.71445
274 1.17095 2.04895
275 0.885856 1.5587
276 1.08133 1.87239
277 1.01225 1.66354
278 1.00077 1.63362
279 0.973468 1.62483
280 1.01804 1.6947
281 0.846426 1.61037
282 1.18782 2.08279
283 1.0027 1.57574
284 0.990408 1.56663
285 0.936308 1.57378
286 1.05384 1.74426
287 1.01754 1.61645
288 0.948542 1.56003
289 1.02622 1.69328
290 0.977482 1.62298
291 0.93738 1.66191
292 1.00074 1.82261
293 1.0927 1.84522
294 0.969414 1.60266
295 0.981138 1.67285
296 1.04314 1.73048
297 1.06241 1.64066
298 0.973158 1.47998
299 0.932234 1.52873
300 1.0357 1.70452
301 1.04139 1.6275
302 1.04874 1.538
303 0.894142 1.39103
304 0.986158 1.64774
305 1.02038 1.68706
306 0.953188 1.6248
307 1.17573 1.78597
308 0.858734 1.31671
309 0.989576 1.66138
310 1.14036 1.72372
311 0.858958 1.34183
312 1.03178 1.69678
313 0.989534 1.61594
314 0.95539 1.63006
315 1.16244 1.78233
316 0.94354 1.36708
317 0.911718 1.48391
318 1.0029 1.70149
319 1.03811 1.70434
320 0.962786 1.60102
321 1.04183 1.70336
322 1.01826 1.60523
323 0.930666 1.54245
324 1.01939 1.71776
325 1.02831 1.67754
326 0.880104 1.57687
327 1.12342 1.92322
328 1.02299 1.60611
329 1.0871 1.57186
330 0.820112 1.31177
331 0.97438 1.74657
332 1.09989 1.84174
333 1.00071 1.59052
334 0.951682 1.57629
335 1.12016 1.72643
336 0.86239 1.39535
337 1.05449 1.74754
338 1.03528 1.62275
339 0.925864 1.51687
340 0.981052 1.69396
341 1.03179 1.74882
342 1.03552 1.68003
343 1.0633 1.60903
344 0.894794 1.42626
345 0.978802 1.67922
346 1.07647 1.75136
347 1.06562 1.58009
348 0.819368 1.3727
349 1.11213 1.8526
350 0.979352 1.56427
351 1.035 1.62413
352 0.92535 1.51881
353 0.994314 1.70063
354 1.06417 1.73144
355 1.08137 1.59454
356 0.934276 1.37702
357 0.964658 1.53001
358 0.903316 1.59187
359 1.20445 1.89366
360 0.87825 1.3482
361 0.916396 1.6259
362 1.03257 1.84995
363 1.10237 1.7866
364 0.98489 1.53075
365 0.985476 1.56421
366 1.00261 1.60062
367 0.895194 1.56712
368 1.11671 1.86418
369 1.04503 1.57957
370 0.996482 1.46759
371 0.927116 1.4578
372 1.03698 1.64665
373 0.842744 1.51524
374 1.21314 1.98423
375 0.849856 1.39423
376 1.06315 1.77933
377 1.01663 1.62846
378 0.910956 1.56457
379 1.04231 1.79411
380 1.03169 1.69857
381 0.9758 1.6144
382 1.10502 1.70129
383 0.832026 1.39987
384 1.04026 1.82864
385 1.04935 1.73658
386 0.933082 1.59792
387 1.03906 1.77236
388 0.901278 1.65065
389 1.15978 1.95998
390 0.945612 1.52816
391 1.10952 1.69039
392 0.863372 1.38576
393 1.18338 1.7695
394 0.843706 1.27743
395 1.04866 1.67455
396 0.90732 1.53099
397 1.10721 1.78667
398 0.905996 1.49869
399 1.07089 1.74809
400 0.992934 1.57189
401 0.997826 1.58871
402 0.86886 1.56017
403 1.0496 1.91641
404 1.06885 1.79117
405 0.929164 1.6036
406 1.29356 1.85504
407 0.709284 1.05716
408 0.890342 1.74205
409 1.24199 2.12777
410 1.04033 1.49026
411 0.749542 1.32801
412 1.19644 2.02973
413 0.807812 1.46128
414 1.26734 2.03783
415 0.842682 1.30451
416 1.01924 1.69621
417 0.985236 1.64509
418 1.02318 1.6874
419 1.07437 1.64975
420 0.949422 1.45352
421 0.8416 1.53723
422 1.12359 1.99004
423 1.02322 1.66068
424 1.01391 1.60718
425 0.911298 1.55009
426 1.0709 1.7864
427 0.955288 1.60056
428 1.07366 1.72967
429 0.900838 1.52293
430 1.04027 1.7768
431 1.01322 1.6814
432 0.986946 1.64551
433 0.965904 1.66865
434 1.18565 1.8013
435 0.81341 1.2963
436 1.14853 1.79356
437 0.831088 1.3847
438 1.01253 1.80562
439 1.02365 1.77776
440 1.12957 1.75382
441 0.960146 1.42414
442 0.885308 1.49311
443 0.986096 1.77072
444 1.195 1.86149
445 0.80961 1.32777
446 1.01818 1.80202
447 0.992154 1.7529
448 1.0348 1.78135
449 1.02744 1.70312
450 0.960576 1.62545
451 0.945886 1.70796
452 1.09164 1.87783
453 1.04156 1.65068
454 0.873868 1.516
455 1.09046 1.85855
456 1.01173 1.62998
457 0.908792 1.57754
458 1.08232 1.82692
459 1.03727 1.63037
460 0.875304 1.50663
461 1.06661 1.83643
462 0.899638 1.64021
463 1.1716 1.95532
464 0.985076 1.50571
465 0.842116 1.50201
466 1.10723 1.94104
467 0.951176 1.64127
468 0.957114 1.74967
469 1.11156 1.90063
470 0.944678 1.59602
471 1.14269 1.76935
472 0.835968 1.37609
473 1.16784 1.82293
474 0.76265 1.34933
475 1.04044 1.97368
476 1.01542 1.85911
477 1.03468 1.82305
478 1.07149 1.75127
479 1.08162 1.59646
480 0.845974 1.35629
481 1.03256 1.74304
482 0.876668 1.63088
483 1.17035 2.01249
484 0.90615 1.5355
485 1.08661 1.78859
486 1.01526 1.57951
487 0.935414 1.52537
488 0.999514 1.68389
489 1.1481 1.72385
490 0.921328 1.33826
491 1.00211 1.53284
492 0.874474 1.49554
493 1.14591 1.84651
494 1.01075 1.48531
495 0.817574 1.41266
496 1.14492 1.91558
497 0.862218 1.50642
498 1.17042 1.90328
499 0.977152 1.46378
