0 0.565704 2.81449
1 0.116294 0.56289
2 1.01418 4.2354
3 1.09981 4.17969
4 0.622362 1.9584
5 1.02292 4.24136
6 1.10938 3.79373
7 0.750762 2.06291
8 1.07217 4.27494
9 0.687516 2.15983
10 0.921954 4.17252
11 1.00551 4.22949
12 1.16795 4.65101
13 0.667256 1.989
14 0.954716 4.19486
15 0.893874 4.15337
16 0.956882 4.19633
17 0.871684 4.13824
18 1.02108 4.24011
19 1.08624 3.85591
20 0.63131 1.94584
21 0.95458 4.19476
22 0.931646 4.17913
23 0.833722 4.11236
24 0.978064 4.21078
25 0.893788 4.15331
26 0.955862 4.19564
27 0.980838 4.21267
28 0.98428 4.21501
29 0.958332 4.19732
30 0.970616 4.2057
31 0.824674 4.10619
32 0.981766 4.2133
33 1.01931 4.2389
34 1.18862 3.98365
35 0.69239 1.84459
36 0.983364 4.21439
37 1.01292 4.23454
38 1.17339 4.2845
39 0.748674 1.96535
40 0.963838 4.20108
41 0.899408 4.15715
42 0.894288 4.15366
43 0.977214 4.2102
44 0.965732 4.20237
45 0.94165 4.18595
46 0.979066 4.21146
47 1.05015 4.25992
48 0.916248 2.73974
49 0.9637 4.20098
50 0.984682 4.21529
51 1.03382 4.24879
52 1.16009 3.37257
53 0.75248 1.93262
54 0.960302 4.19867
55 0.977214 4.21019
56 0.935626 4.18184
57 1.09155 4.28816
58 0.682006 2.03875
59 0.956886 4.19634
60 1.08901 4.28642
61 0.674712 2.05078
62 0.984524 4.21518
63 0.981302 4.21298
64 0.935342 4.18165
65 1.0793 4.2798
66 0.75409 2.14895
67 0.964842 4.20176
68 0.950646 4.19208
69 0.987402 4.21714
70 0.959086 4.19783
71 0.99199 4.22027
72 1.02019 4.2395
73 1.11574 3.90817
74 0.728542 2.06227
75 0.991056 4.21963
76 0.878078 4.1426
77 0.97829 4.21093
78 1.02513 4.24286
79 1.26594 3.78677
80 0.471764 1.31953
81 0.89812 4.15627
82 0.985702 4.21598
83 1.00843 4.23148
84 1.19098 4.51939
85 0.794132 1.92495
86 0.956164 4.19585
87 0.982348 4.2137
88 1.02959 4.24591
89 1.05145 3.49069
90 0.648316 2.08656
91 0.957522 4.19677
92 0.997666 4.22414
93 1.07007 4.27351
94 0.696574 2.17711
95 0.935844 4.18199
96 1.00387 4.22837
97 1.03622 3.75794
98 0.90887 3.03485
99 0.993752 4.22147
100 0.998714 4.22486
101 1.02847 4.24514
102 1.05846 3.54028
103 0.648034 2.05052
104 1.00124 4.22658
105 1.08259 4.12386
106 0.734012 2.11133
107 1.00134 4.22665
108 0.881166 3.9776
109 1.06952 4.27313
110 0.71712 2.19062
111 0.894184 4.15358
112 0.916042 4.16849
113 1.01279 4.23445
114 1.24678 4.33277
115 0.67815 1.69761
116 1.00483 4.22902
117 1.13494 4.66496
118 0.765588 2.08835
119 1.06668 4.2712
120 0.773564 2.23604
121 0.999078 4.2251
122 1.01783 4.23789
123 1.02941 3.9587
124 0.950566 2.84338
125 0.941068 4.18555
126 0.975182 4.20881
127 1.00507 4.22919
128 1.15807 4.66693
129 0.752846 2.07141
130 0.983472 4.21447
131 0.966586 4.20295
132 1.06283 4.26857
133 0.673618 2.24162
134 0.931242 4.17885
135 0.98256 4.21384
136 0.927088 4.17602
137 0.953382 4.19395
138 0.865628 4.13411
139 0.999826 4.22561
140 0.979826 4.21198
141 1.07421 4.27633
142 0.68023 2.14381
143 1.10943 4.30034
144 0.684164 1.97586
145 1.01526 4.23614
146 1.12223 4.13818
147 0.777156 2.08766
148 0.949546 4.19133
149 0.999622 4.22548
150 1.01017 4.23266
151 1.23858 4.46026
152 0.59987 1.69482
153 0.909458 4.164
154 0.975154 4.20879
155 0.919718 4.171
156 1.1775 4.34676
157 0.75112 2.00606
158 0.813086 4.09829
159 1.01567 4.23642
160 1.34253 4.241
161 0.477534 1.4098
162 1.00895 4.23184
163 1.05575 4.41343
164 0.77249 2.24763
165 0.987366 4.21712
166 0.971136 4.20605
167 0.960688 4.19893
168 0.980104 4.21217
169 1.05843 4.26557
170 0.808588 2.4397
171 0.854066 4.12623
172 0.954372 4.19462
173 0.994588 4.22204
174 1.01407 4.23532
175 1.12159 4.19757
176 0.742628 2.06779
177 0.950818 4.1922
178 1.01248 4.23424
179 1.13287 4.28329
180 0.749552 2.09566
181 0.972362 4.20689
182 0.962366 4.20007
183 0.92714 4.17605
184 1.09347 4.28946
185 0.647328 2.01034
186 1.05809 4.26534
187 0.72867 2.40997
188 0.911954 4.1657
189 0.934616 4.18115
190 1.05985 4.26653
191 0.817068 2.40187
192 0.928026 4.17666
193 0.898972 4.15685
194 1.07327 4.27569
195 0.657546 2.13836
196 0.918874 4.17042
197 0.913718 4.1669
198 0.94449 4.18789
199 0.976424 4.20966
200 0.943546 4.18724
201 0.886338 4.14824
202 0.963994 4.20118
203 1.02072 4.23986
204 1.05099 3.85151
205 0.688482 2.16309
206 0.998666 4.22482
207 0.91019 4.1645
208 0.973778 4.20785
209 1.02747 4.24446
210 1.00834 3.55495
211 0.993544 3.20664
212 0.950434 3.448
213 1.01299 4.23459
214 1.26452 4.33298
215 0.570172 1.60573
216 0.956174 4.19585
217 0.924884 4.17452
218 0.878668 4.14301
219 0.975094 4.20875
220 0.941212 4.18565
221 1.06531 4.27027
222 0.671654 2.19369
223 1.06242 4.26829
224 0.634482 2.23443
225 0.881622 4.14502
226 0.896074 4.15487
227 0.92773 4.17646
228 0.998574 4.22476
229 1.0993 4.29343
230 0.64293 1.97262
231 0.961272 4.19933
232 0.848188 4.12223
233 0.990586 4.21931
234 0.929406 4.1776
235 0.995112 4.2224
236 1.03177 4.24739
237 1.04118 3.39645
238 0.676896 2.14982
239 1.09752 4.29223
240 0.719722 2.02023
241 1.04436 4.25597
242 0.86338 2.88541
243 1.02993 4.24614
244 1.18184 3.54442
245 0.649196 1.81396
246 1.00209 4.22716
247 0.869496 3.87599
248 1.03189 4.24748
249 1.13455 3.43916
250 1.57306 3.27183
251 0.175014 0.513426
252 1.49157 3.97905
253 0.181922 0.542202
254 1.32038 3.90449
255 0.813678 1.31444
256 1.09369 2.00324
257 1.07645 1.74499
258 0.826372 1.29736
259 1.08104 1.99059
260 1.0129 1.78007
261 1.08364 1.75731
262 0.7217 1.27431
263 1.37983 3.28321
264 0.374294 0.791292
265 1.31464 3.90199
266 0.752762 1.29091
267 0.93636 2.08602
268 1.43428 3.54049
269 0.193522 0.5595
270 1.37896 3.93001
271 0.727282 1.24781
272 0.937244 1.88567
273 1.18501 2.77759
274 1.04772 1.73504
275 0.88818 1.54036
276 1.13997 2.01652
277 0.756228 1.27874
278 1.12207 2.26662
279 1.10775 1.92856
280 0.727686 1.25333
281 1.4453 3.73731
282 0.199936 0.556572
283 1.49912 3.98234
284 0.200962 0.548952
285 1.38774 3.93383
286 0.64525 1.12253
287 1.59987 3.23957
288 0.174894 0.507084
289 1.44175 3.95735
290 0.199052 0.561096
291 1.32277 3.90553
292 0.71463 1.29122
293 1.4868 3.04994
294 0.18889 0.537906
295 1.3849 3.93259
296 0.675936 1.16416
297 1.19294 2.28238
298 1.07349 1.66024
299 0.776702 1.31342
300 0.98132 1.89446
301 1.07128 2.02816
302 1.32592 2.10181
303 0.200932 0.552696
304 1.41233 3.94454
305 0.351874 0.754578
306 1.37604 3.92873
307 0.870062 1.32
308 1.04341 1.67722
309 0.716064 1.24902
310 2.01245 4.4842
311 0.128166 0.399234
312 1.16673 2.05549
313 0.769402 1.29316
314 0.975112 2.01461
315 1.2865 2.41031
316 0.89697 1.36632
317 1.01412 1.68636
318 0.9774 1.63139
319 1.05143 1.72337
320 0.709422 1.24002
321 1.45894 3.96484
322 0.208368 0.561312
323 1.40334 3.94063
324 0.44964 0.88623
325 1.45756 3.96424
326 0.179502 0.548868
327 1.43879 3.95606
328 0.212112 0.567522
329 1.64952 4.04784
330 0.170542 0.501354
331 1.32088 3.90471
332 0.784834 1.30742
333 1.01208 1.90724
334 1.01534 1.93858
335 1.19987 2.03142
336 0.779004 1.32138
337 1.0136 1.92339
338 1.1251 1.99074
339 0.996754 1.65033
340 0.96848 1.65344
341 1.04526 1.77478
342 1.01576 1.62141
343 1.06209 1.58226
344 0.80594 1.33621
345 1.10395 2.03467
346 1.04206 1.66776
347 0.81865 1.27869
348 0.93467 1.89352
349 1.3991 2.8235
350 0.206036 0.563802
351 1.51259 3.98821
352 0.189478 0.540798
353 1.38511 3.93268
354 0.688696 1.16518
355 1.16688 2.12341
356 1.11444 1.71317
357 0.849628 1.36824
358 0.99671 1.80302
359 1.19592 1.87043
360 0.543324 0.9822
361 1.31509 3.90218
362 0.72127 1.2831
363 1.55832 3.10309
364 0.19091 0.522924
365 1.47941 3.97375
366 0.202504 0.554094
367 1.3238 3.90598
368 0.795772 1.31405
369 1.13682 1.97913
370 1.1069 1.66038
371 0.860166 1.38146
372 1.09866 1.76465
373 0.691448 1.28421
374 1.86256 4.08203
375 0.140174 0.436452
376 1.72278 3.91333
377 0.167962 0.480078
378 1.35223 3.91836
379 0.798532 1.35122
380 1.18562 2.07269
381 0.79249 1.32928
382 1.17701 2.0141
383 0.707994 1.26775
384 1.6622 3.99485
385 0.172404 0.49623
386 1.36348 3.92326
387 0.821104 1.37159
388 0.997258 1.89034
389 1.15737 1.94558
390 0.807578 1.33687
391 1.2759 2.08765
392 0.22667 0.598662
393 1.63166 4.04006
394 0.182566 0.510834
395 1.49316 3.97975
396 0.18637 0.543816
397 1.49702 3.98142
398 0.189146 0.544176
399 1.47016 3.96973
400 0.204816 0.557208
401 1.47973 3.97389
402 0.17604 0.542286
403 1.33755 3.91197
404 0.801254 1.33308
405 1.05948 2.00585
406 1.32416 1.91861
407 0.189572 0.538608
408 1.19582 3.85024
409 1.14721 1.88203
410 0.928422 1.37341
411 0.853188 1.54675
412 1.0982 1.98043
413 0.921492 1.72003
414 1.26285 2.0777
415 0.416878 0.832926
416 1.42827 3.95148
417 0.20012 0.564624
418 1.44146 3.95722
419 0.21863 0.569796
420 1.51386 3.98876
421 0.16822 0.531042
422 1.40361 3.94074
423 0.46258 0.887178
424 1.49141 3.97898
425 0.185448 0.54381
426 1.44089 3.95698
427 0.196472 0.560154
428 1.48907 3.97796
429 0.186236 0.544686
430 1.40077 3.9395
431 0.485482 0.92631
432 1.41537 3.94586
433 0.29995 0.703536
434 1.60818 4.02983
435 0.175918 0.513108
436 1.55615 4.00718
437 0.176638 0.525198
438 1.34123 3.91357
439 0.773182 1.33042
440 1.10498 1.95686
441 1.15308 1.79208
442 0.779628 1.33854
443 1.08913 2.04942
444 1.12752 1.71483
445 0.80783 1.37496
446 1.07338 1.9456
447 0.94695 1.63981
448 1.06474 1.85518
449 0.9934 1.61417
450 0.970062 1.62942
451 0.954334 1.72138
452 1.12053 1.946
453 0.780148 1.27961
454 0.944746 2.01736
455 1.62366 3.55014
456 0.178876 0.505368
457 1.33863 3.91244
458 0.801728 1.33459
459 1.19075 2.04719
460 0.737838 1.3081
461 1.02224 2.10476
462 0.889402 1.93793
463 1.48982 3.97829
464 0.208264 0.554298
465 1.28304 3.88823
466 0.724934 1.26219
467 1.69232 4.25846
468 0.151356 0.481128
469 1.43409 3.95401
470 0.195336 0.561198
471 1.56677 4.0118
472 0.177464 0.523164
473 1.56251 4.00995
474 0.163246 0.517746
475 1.29662 3.89414
476 0.680276 1.24841
477 1.36443 3.92368
478 0.861468 1.38326
479 1.18223 1.77874
480 0.39383 0.814866
481 1.41376 3.94516
482 0.29084 0.717966
483 1.45687 3.96394
484 0.19008 0.553698
485 1.46353 3.96683
486 0.210104 0.561048
487 1.42566 3.95034
488 0.19948 0.564936
489 1.61415 4.03244
490 0.196428 0.521046
491 1.53595 3.99838
492 0.177318 0.530076
493 1.51474 3.98914
494 0.21359 0.551052
495 1.30965 3.89982
496 0.780702 1.29202
497 0.91637 1.95104
498 1.89791 4.39053
499 0.153492 0.436518
