0 0.559314 2.81083
1 0.118494 0.558288
2 0.962952 4.15242
3 0.96906 4.17875
4 0.986988 4.25606
5 0.965546 4.1636
6 0.937322 4.0419
7 1.02258 4.40956
8 1.12595 3.82686
9 0.78754 2.14316
10 1.06146 4.57718
11 0.731948 2.3076
12 0.938244 4.04587
13 0.968636 4.17693
14 0.969522 4.18075
15 1.01869 4.39276
16 1.1549 3.9947
17 0.758986 2.01864
18 0.940444 4.05536
19 0.985058 4.24774
20 0.922464 3.97783
21 0.977386 4.21466
22 0.978706 4.22035
23 1.02842 4.43474
24 1.08723 3.59021
25 0.67919 1.98298
26 0.93 4.01032
27 0.979432 4.22348
28 0.995196 4.29146
29 1.00378 4.3285
30 0.908538 3.62123
31 0.986362 4.25337
32 0.987292 4.25738
33 0.942782 4.06544
34 0.992336 4.27913
35 1.0108 4.35875
36 1.18079 4.34068
37 0.729328 1.91348
38 1.00496 4.33357
39 1.21146 4.64441
40 0.670828 1.73284
41 1.01344 4.37013
42 1.13783 4.09853
43 0.786278 2.12849
44 0.988466 4.26244
45 0.975588 4.20691
46 0.966844 4.1692
47 0.986012 4.25186
48 0.915052 3.94587
49 0.998572 4.30602
50 0.970366 4.18439
51 0.979248 4.22269
52 0.990214 4.26998
53 0.918692 3.96156
54 0.958022 4.13116
55 0.93457 4.03003
56 0.962842 4.15195
57 0.999276 4.30906
58 1.00236 4.32236
59 0.895508 3.68257
60 1.00782 4.34591
61 1.18621 4.45718
62 0.714312 1.87045
63 0.959082 4.13573
64 0.92378 3.9835
65 0.980248 4.227
66 0.949472 4.09429
67 0.9888 4.26388
68 0.954998 4.11812
69 0.935092 4.03228
70 0.958792 4.13449
71 0.974448 4.20199
72 0.960666 4.14256
73 0.943128 4.06694
74 0.956308 4.12377
75 0.998986 4.3078
76 0.950824 4.10012
77 0.974704 4.2031
78 0.929496 4.00816
79 0.948154 4.0886
80 0.98018 4.22671
81 0.966052 4.16579
82 0.954982 4.11805
83 0.983526 4.24114
84 0.955198 4.11898
85 0.974792 4.20348
86 0.997402 4.30097
87 0.970132 4.18337
88 0.990892 4.2729
89 0.9222 3.97669
90 0.994466 4.28831
91 0.974618 4.20273
92 0.993212 4.28291
93 0.944386 4.07236
94 1.00464 4.33217
95 1.06965 4.13679
96 0.69279 2.15868
97 0.995484 4.2927
98 0.961382 4.14565
99 1.02509 4.42039
100 1.15835 3.89002
101 0.713368 1.88345
102 1.01772 4.38857
103 1.17796 4.09717
104 0.72461 1.89493
105 0.9559 4.12201
106 0.931532 4.01693
107 0.961264 4.14514
108 0.950694 4.09956
109 1.00773 4.3455
110 1.25284 4.71078
111 0.675836 1.7347
112 0.907414 3.91292
113 1.03229 4.45141
114 1.05194 3.40132
115 0.678566 2.08992
116 0.9877 4.25914
117 0.987022 4.25621
118 0.954174 4.11456
119 0.949144 4.09288
120 0.93179 4.01804
121 0.96735 4.17139
122 1.02979 4.44062
123 1.03069 3.37897
124 0.783702 2.4712
125 0.968162 4.17489
126 0.95991 4.1393
127 1.01496 4.37668
128 1.19413 4.24949
129 0.740586 1.91533
130 0.994714 4.28938
131 0.953518 4.11174
132 0.981222 4.2312
133 1.00985 4.35467
134 1.21645 4.50356
135 0.687868 1.77447
136 0.993858 4.28569
137 0.970968 4.18699
138 0.935688 4.03485
139 0.940964 4.05761
140 0.983426 4.24071
141 1.03912 4.48085
142 1.03741 3.28055
143 0.681374 2.11765
144 1.00521 4.33465
145 1.17606 4.50091
146 0.793722 2.09904
147 0.95561 4.12076
148 0.9281 4.00213
149 0.982656 4.23739
150 0.941802 4.06121
151 0.977688 4.21597
152 0.94385 4.07005
153 0.939466 4.05114
154 0.974736 4.20323
155 0.934348 4.02907
156 1.01246 4.36591
157 1.23609 4.48669
158 0.707744 1.81993
159 1.00382 4.32865
160 0.924384 3.68138
161 0.939704 4.05217
162 0.9848 4.24663
163 0.967874 4.17365
164 0.936236 4.03721
165 1.02036 4.39996
166 1.1308 3.88267
167 0.807264 2.18576
168 0.993488 4.28409
169 0.988272 4.26161
170 1.04385 4.50125
171 0.926882 2.92955
172 0.969484 4.18058
173 1.00345 4.32707
174 0.934418 3.75224
175 0.997378 4.30087
176 0.95024 4.0976
177 0.989722 4.26786
178 1.03217 4.45091
179 1.04582 3.38374
180 0.672542 2.08666
181 0.954196 4.11466
182 0.99574 4.29381
183 0.977402 4.21473
184 1.00472 4.33251
185 1.23084 4.73821
186 0.642886 1.65629
187 0.946492 4.08144
188 0.95288 4.10899
189 1.01492 4.37651
190 1.11465 3.96787
191 0.769714 2.17775
192 0.98647 4.25383
193 1.01372 4.37135
194 1.1751 4.22329
195 0.743884 1.9559
196 0.999782 4.31123
197 0.972956 4.19555
198 1.01705 4.38569
199 1.12208 3.92491
200 0.723948 2.00741
201 0.991208 4.27426
202 0.9805 4.22809
203 0.884366 3.81355
204 1.04037 4.48627
205 0.956926 3.02565
206 0.981572 4.23271
207 0.967794 4.1733
208 0.98537 4.24909
209 0.94707 4.08393
210 0.992686 4.28063
211 1.00472 4.33253
212 1.17032 4.50359
213 0.762244 2.02516
214 0.970588 4.18534
215 1.02003 4.39857
216 1.1672 4.01343
217 0.722664 1.90244
218 1.01407 4.37284
219 1.20006 4.30123
220 0.725484 1.8746
221 0.972914 4.19537
222 0.963898 4.15649
223 0.97688 4.21248
224 0.997508 4.30143
225 0.981116 4.23074
226 0.994628 4.28902
227 0.971012 4.18717
228 1.02787 4.43234
229 1.10574 3.66187
230 0.735162 2.0621
231 0.95391 4.11343
232 1.02488 4.41946
233 1.1173 3.7561
234 0.752984 2.07505
235 0.974586 4.20259
236 0.988286 4.26166
237 0.929062 4.00628
238 0.975698 4.20738
239 1.02686 4.428
240 1.10469 3.67734
241 0.742792 2.09262
242 0.988226 4.2614
243 0.969342 4.17997
244 0.901662 3.88813
245 0.978926 4.2213
246 0.953218 4.11044
247 1.01785 4.38915
248 1.15415 4.00978
249 0.75923 2.02162
250 0.982048 4.23476
251 0.980372 4.22754
252 0.988862 4.26415
253 1.01082 4.35884
254 1.2645 4.64765
255 0.63043 1.61435
256 0.979256 4.22273
257 0.969104 4.17895
258 1.04777 4.51815
259 0.84702 2.67589
260 0.997246 4.3003
261 0.958132 4.13164
262 0.976662 4.21154
263 0.965318 4.16263
264 1.00325 4.3262
265 0.881768 3.55685
266 0.922294 3.9771
267 0.951522 4.10313
268 0.945826 4.07857
269 0.979412 4.22339
270 0.961424 4.14583
271 1.00698 4.34228
272 1.20098 4.53985
273 0.711012 1.84061
274 0.97081 4.1863
275 0.963678 4.15555
276 0.960688 4.14266
277 1.01046 4.35727
278 1.15541 4.25835
279 0.757734 2.0265
280 0.9414 4.05949
281 0.939756 4.05239
282 0.992984 4.28192
283 0.985828 4.25107
284 0.99615 4.29557
285 1.03303 4.45463
286 1.01467 3.26687
287 0.884658 2.79482
288 0.973408 4.1975
289 0.91882 3.96211
290 0.9562 4.1233
291 0.982846 4.23821
292 0.97201 4.19148
293 1.00084 4.31579
294 0.91541 3.88375
295 0.957762 4.13004
296 0.985308 4.24882
297 0.977404 4.21474
298 0.95823 4.13206
299 0.901108 3.88573
300 0.999922 4.31184
301 0.989632 4.26747
302 0.997038 4.2994
303 1.02522 4.42093
304 1.1237 3.77132
305 0.782446 2.12772
306 0.972714 4.19452
307 0.991882 4.27717
308 0.972698 4.19445
309 0.982656 4.23738
310 0.971358 4.18867
311 0.967298 4.17116
312 0.98833 4.26185
313 0.958642 4.13383
314 0.973384 4.1974
315 0.943058 4.06664
316 0.958646 4.13384
317 1.03858 4.47854
318 0.992916 3.14002
319 1.03246 3.35324
320 0.687246 2.16565
321 0.99256 4.28009
322 0.966018 4.16564
323 1.03392 4.45844
324 1.05541 3.38064
325 0.663812 2.03182
326 0.956342 4.12391
327 0.977954 4.21711
328 1.01418 4.37331
329 1.19969 4.29611
330 0.748488 1.93411
331 0.971572 4.18959
332 0.973184 4.19654
333 0.966332 4.16699
334 0.975854 4.20805
335 0.97596 4.20851
336 0.953574 4.11198
337 0.976374 4.2103
338 1.00581 4.33724
339 1.32348 5.04415
340 0.519974 1.39034
341 0.990432 4.27091
342 0.946692 4.0823
343 0.917358 3.95581
344 0.958694 4.13405
345 0.988112 4.26091
346 1.0076 4.34494
347 1.23037 4.63058
348 0.700078 1.80301
349 1.03619 4.46822
350 0.967474 3.06028
351 0.93092 3.72082
352 1.01546 4.37884
353 1.15483 4.09286
354 0.784874 2.09249
355 0.97389 4.19959
356 0.98229 4.2358
357 1.00827 4.34782
358 1.24499 4.66314
359 0.68404 1.75774
360 0.934944 4.03164
361 0.961576 4.14648
362 0.978526 4.21958
363 0.984742 4.24638
364 0.993814 4.28551
365 0.934084 4.02793
366 0.92814 4.00231
367 0.96689 4.1694
368 0.969668 4.18138
369 1.02773 4.43176
370 1.09887 3.64171
371 0.74081 2.10959
372 0.994036 4.28646
373 0.974322 4.20145
374 0.996514 4.29715
375 0.981336 4.23169
376 0.988564 4.26287
377 0.95133 4.1023
378 0.977974 4.2172
379 0.953204 4.11038
380 0.96796 4.17401
381 0.92727 3.99855
382 0.972696 4.19444
383 1.00811 4.34716
384 1.20128 4.5044
385 0.68725 1.77693
386 0.961686 4.14696
387 0.942612 4.06471
388 1.0039 4.32901
389 0.89034 3.53906
390 0.971644 4.1899
391 0.990116 4.26956
392 0.913976 3.94123
393 0.97369 4.19873
394 0.961552 4.14638
395 0.943742 4.06958
396 0.967016 4.16994
397 0.969224 4.17947
398 0.992796 4.28111
399 0.992772 4.28101
400 0.98244 4.23645
401 0.945338 4.07647
402 0.943892 4.07023
403 0.972712 4.1945
404 0.969606 4.18112
405 1.00451 4.33163
406 0.983882 3.83802
407 1.0212 4.4036
408 1.1018 3.76871
409 0.68058 1.9537
410 0.959518 4.13761
411 0.976978 4.21291
412 1.00984 4.35459
413 1.20844 4.4745
414 0.704176 1.81853
415 0.91727 3.95543
416 0.952364 4.10676
417 0.912426 3.93454
418 0.927026 3.99749
419 0.927484 3.99947
420 0.971032 4.18726
421 1.00962 4.35364
422 1.28704 4.77332
423 0.464216 1.26735
424 1.00839 4.34837
425 1.29548 4.84779
426 0.495122 1.34527
427 0.992138 4.27827
428 0.992926 4.28167
429 0.940198 4.0543
430 0.983442 4.24078
431 0.998324 4.30495
432 0.937184 4.04131
433 0.959028 4.1355
434 0.996206 4.29581
435 0.967564 4.17231
436 0.97283 4.19502
437 0.982848 4.23821
438 0.982212 4.23547
439 0.967486 4.17197
440 0.924622 3.98713
441 0.984576 4.24567
442 0.924586 3.98698
443 1.01993 4.3981
444 1.08044 3.71689
445 0.61684 1.86173
446 1.02432 4.41703
447 1.10616 3.72881
448 0.720612 2.03483
449 0.942126 4.06262
450 0.950348 4.09807
451 1.00644 4.33996
452 1.2064 4.57768
453 0.706364 1.8255
454 0.917954 3.95838
455 0.960886 4.14351
456 0.931956 4.01876
457 0.943984 4.07063
458 0.987768 4.25943
459 0.920318 3.96857
460 0.977724 4.21612
461 0.950538 4.09889
462 0.996634 4.29766
463 0.947096 4.08404
464 1.01025 4.35636
465 1.17992 4.35554
466 0.728852 1.91437
467 0.98352 4.24111
468 1.05445 4.54696
469 0.786502 2.48245
470 0.971052 4.18735
471 0.978482 4.21939
472 0.986712 4.25488
473 1.02603 4.42441
474 1.11445 3.72536
475 0.800454 2.21348
476 0.952796 4.10863
477 1.01231 4.36524
478 1.11437 4.04974
479 0.70709 2.01322
480 1.0202 4.39928
481 1.13844 3.91166
482 0.789152 2.12115
483 1.02254 4.40939
484 1.13261 3.85025
485 0.806436 2.17274
486 1.00947 4.353
487 1.13981 4.23188
488 0.767722 2.08623
489 0.961702 4.14703
490 0.953702 4.11253
491 1.00752 4.34462
492 1.21596 4.57877
493 0.707024 1.82459
494 0.98709 4.2565
495 0.967546 4.17223
496 0.962554 4.1507
497 0.946492 4.08144
498 0.931962 4.01878
499 0.971588 4.18966
500 1.43656 3.95708
501 0.19895 0.554424
502 1.41623 3.90109
503 0.303464 0.691236
504 1.45158 3.99847
505 0.198148 0.553332
506 1.37854 3.79726
507 0.784368 1.31839
508 1.17098 2.03716
509 0.806872 1.34422
510 1.23202 2.20931
511 0.814774 1.34168
512 1.07533 1.8361
513 0.98354 1.59718
514 1.01035 1.65802
515 1.04446 1.70286
516 0.748864 1.27405
517 1.27505 2.60633
518 0.754934 1.2645
519 1.03161 2.06062
520 0.95054 1.81461
521 1.08779 2.21068
522 1.17666 2.07278
523 0.827972 1.3855
524 1.19633 2.09344
525 0.81924 1.35101
526 1.09822 1.90036
527 0.985634 1.59467
528 1.02471 1.67353
529 0.993274 1.59568
530 0.955632 1.54235
531 1.05787 1.75549
532 0.732896 1.26054
533 1.64822 3.68546
534 0.175354 0.506628
535 1.4866 4.09493
536 0.192944 0.541476
537 1.41805 3.90611
538 0.292642 0.688848
539 1.4139 3.89467
540 0.316288 0.694206
541 1.49048 4.10562
542 0.187704 0.527064
543 1.43709 3.95855
544 0.20475 0.57063
545 1.43481 3.95228
546 0.200562 0.558786
547 1.45015 3.99451
548 0.18796 0.524778
549 1.46862 4.0454
550 0.196946 0.551286
551 1.4402 3.96711
552 0.204704 0.570744
553 1.35114 3.72179
554 0.807044 1.33079
555 1.12625 1.96595
556 0.713046 1.22741
557 1.46965 4.04824
558 0.203302 0.569166
559 1.35847 3.74198
560 0.860276 1.41263
561 1.03644 1.72869
562 0.975036 1.59128
563 1.0247 1.69796
564 0.94993 1.55057
565 1.08941 1.83363
566 0.717408 1.22638
567 1.7815 4.17835
568 0.152748 0.452448
569 1.37526 3.78822
570 0.773312 1.28421
571 1.16515 2.05815
572 0.754396 1.27286
573 1.01166 2.04569
574 1.00213 2.00238
575 1.04234 2.07805
576 1.03326 1.91733
577 1.17593 2.05365
578 0.757898 1.26297
579 0.970332 1.91471
580 1.10011 2.23643
581 1.1572 2.01481
582 0.7576 1.27394
583 1.03733 2.07967
584 0.993754 1.88732
585 0.98685 1.9021
586 1.014 1.99371
587 0.985816 1.89623
588 1.00777 1.98188
589 0.922696 1.7983
590 1.66553 3.62342
591 0.169172 0.490884
592 1.46074 4.02368
593 0.19266 0.538692
594 1.47754 4.06996
595 0.189974 0.532446
596 1.44294 3.97466
597 0.205432 0.572988
598 1.41392 3.89473
599 0.349496 0.767352
600 1.50896 4.15651
601 0.183632 0.517026
602 1.49677 4.12295
603 0.19741 0.554826
604 1.41952 3.91015
605 0.261512 0.633846
606 1.37002 3.7738
607 0.835912 1.36442
608 1.05451 1.77323
609 1.02722 1.67079
610 0.750398 1.28873
611 1.51693 3.11387
612 0.173782 0.492738
613 1.5182 4.18198
614 0.193106 0.544452
615 1.44228 3.97284
616 0.203912 0.568698
617 1.45163 3.9986
618 0.195808 0.546798
619 1.39592 3.84515
620 0.519638 0.953778
621 1.4227 3.91891
622 0.24226 0.63276
623 1.3902 3.82937
624 0.644182 1.14221
625 1.51362 3.13767
626 0.184724 0.523194
627 1.49272 4.11178
628 0.19809 0.556404
629 1.48758 4.09763
630 0.199388 0.559638
631 1.40236 3.86287
632 0.471204 0.907938
633 1.48521 4.0911
634 0.198102 0.55584
635 1.42018 3.91196
636 0.264004 0.649002
637 1.42802 3.93356
638 0.194942 0.542628
639 1.38389 3.81202
640 0.69089 1.1874
641 1.09993 2.20925
642 1.21083 2.0882
643 0.661802 1.14604
644 1.36511 2.79343
645 0.335114 0.720426
646 1.51468 4.17227
647 0.188118 0.530106
648 1.36497 3.7599
649 0.848552 1.38831
650 1.03177 1.72588
651 1.02064 1.67606
652 0.953678 1.54556
653 1.01991 1.70029
654 1.02668 1.6919
655 0.943658 1.52904
656 1.11518 1.8691
657 0.814372 1.36414
658 1.18994 2.13946
659 0.812276 1.35697
660 1.13248 2.02724
661 0.936994 1.51015
662 1.08272 1.81346
663 0.730688 1.24945
664 1.5709 3.42172
665 0.189942 0.54207
666 1.42393 3.92231
667 0.221184 0.59775
668 1.46114 4.02479
669 0.20156 0.56361
670 1.53521 4.22881
671 0.189304 0.53511
672 1.42584 3.92755
673 0.20935 0.582564
674 1.4384 3.96217
675 0.206422 0.575394
676 1.39753 3.84959
677 0.532746 0.988716
678 1.51804 4.18152
679 0.191836 0.540858
680 1.41135 3.88764
681 0.35492 0.751836
682 1.46445 4.03392
683 0.198914 0.55647
684 1.47765 4.07028
685 0.20505 0.57471
686 1.34739 3.71147
687 0.79192 1.3087
688 1.09983 1.97792
689 1.06965 1.76312
690 0.719776 1.21838
691 1.69681 3.62571
692 0.166644 0.486798
693 1.4909 4.10677
694 0.194054 0.544926
695 1.43908 3.96402
696 0.20683 0.576582
697 1.43094 3.94162
698 0.211498 0.588948
699 1.38381 3.81178
700 0.66287 1.13881
701 1.35688 2.77729
702 0.456624 0.889206
703 1.30065 3.58273
704 0.796234 1.35518
705 0.977966 1.91765
706 1.03887 2.08646
707 1.00604 1.91149
708 1.05097 1.96959
709 1.11745 1.93292
710 0.740824 1.27183
711 1.63363 3.48337
712 0.170396 0.49194
713 1.43852 3.96248
714 0.200862 0.559908
715 1.50018 4.13234
716 0.1982 0.557322
717 1.39401 3.83989
718 0.58887 1.06762
719 1.45957 4.02048
720 0.20392 0.570084
721 1.43088 3.94145
722 0.200454 0.558186
723 1.43672 3.95752
724 0.206672 0.575958
725 1.44294 3.97468
726 0.205254 0.572496
727 1.42808 3.93374
728 0.214138 0.596064
729 1.47013 4.04956
730 0.198254 0.555066
731 1.40293 3.86446
732 0.485072 0.93933
733 1.45322 4.00297
734 0.198534 0.554538
735 1.43334 3.94822
736 0.205204 0.571602
737 1.36639 3.76379
738 0.84465 1.38084
739 1.12911 1.89125
740 0.818382 1.35824
741 1.19964 2.09355
742 0.843096 1.38465
743 1.08428 1.83061
744 0.669276 1.15115
745 1.43972 3.9658
746 0.197116 0.549552
747 1.49697 4.12349
748 0.193516 0.543894
749 1.42513 3.92561
750 0.204976 0.570336
751 1.44185 3.97166
752 0.204208 0.56949
753 1.48663 4.09502
754 0.20664 0.579912
755 1.41321 3.89278
756 0.342246 0.74367
757 1.42528 3.92601
758 0.218674 0.60846
759 1.37465 3.78656
760 0.811574 1.34491
761 1.10068 1.88137
762 0.726974 1.24918
763 1.72306 3.97955
764 0.167944 0.491712
765 1.35365 3.7287
766 0.78048 1.28513
767 1.07615 1.95569
768 1.04117 1.74468
769 1.01266 1.65661
770 0.974298 1.5809
771 1.06249 1.7521
772 0.736362 1.25306
773 1.47654 3.0317
774 0.191222 0.538788
775 1.4173 3.90403
776 0.288488 0.669594
777 1.4861 4.09354
778 0.188566 0.529152
779 1.40707 3.87587
780 0.398584 0.803202
781 1.38212 3.80712
782 0.718864 1.22592
783 0.988704 1.9295
784 1.02294 2.02222
785 1.06876 2.03588
786 1.10511 1.89615
787 0.725466 1.24694
788 1.75163 4.10007
789 0.150564 0.443208
790 1.4063 3.87374
791 0.425306 0.850206
792 1.42955 3.93779
793 0.208312 0.579966
794 1.36104 3.74907
795 0.821308 1.34668
796 1.13957 1.9538
797 0.77977 1.30877
798 0.959588 1.87111
799 1.01717 2.06827
800 1.05066 2.10232
801 1.097 2.01451
802 1.07191 1.78041
803 0.78052 1.33082
804 1.04658 2.09393
805 1.06981 1.9814
806 1.10043 1.86773
807 0.751102 1.28301
808 1.33505 2.73282
809 0.71856 1.22227
810 0.976068 1.90687
811 1.02113 2.04812
812 0.99901 1.95807
813 0.971014 1.90536
814 1.04583 2.11652
815 0.97778 1.8604
816 0.981952 1.93858
817 1.10362 2.22104
818 1.14846 1.978
819 0.769694 1.2894
820 0.966066 1.89923
821 1.12993 2.29828
822 1.10121 1.87564
823 0.777366 1.33114
824 1.06938 2.16008
825 1.11584 2.00967
826 0.984212 1.60706
827 1.03153 1.70081
828 1.01781 1.64486
829 0.740456 1.27139
830 1.68177 3.5963
831 0.166084 0.483738
832 1.43128 3.94255
833 0.200908 0.559482
834 1.43521 3.95336
835 0.202402 0.563946
836 1.40244 3.8631
837 0.46791 0.902226
838 1.47927 4.07473
839 0.21248 0.595674
840 1.4365 3.95692
841 0.205234 0.571932
842 1.39232 3.83522
843 0.551444 0.98958
844 1.40997 3.88384
845 0.383952 0.799392
846 1.48189 4.08196
847 0.198772 0.557454
848 1.47306 4.05764
849 0.209694 0.58734
850 1.37184 3.7788
851 0.828314 1.35979
852 1.13814 1.92335
853 0.790876 1.31405
854 1.10731 2.0332
855 1.03063 1.70151
856 0.990664 1.60426
857 1.03215 1.6817
858 0.75095 1.28763
859 1.47012 3.01513
860 0.184506 0.519648
861 1.41421 3.89551
862 0.330288 0.728268
863 1.44828 3.98936
864 0.204384 0.570486
865 1.37377 3.78414
866 0.765158 1.26418
867 1.11435 2.00555
868 0.9997 1.63351
869 1.06006 1.73247
870 0.778282 1.31374
871 1.03721 2.0467
872 1.09935 2.02125
873 1.04468 1.7334
874 0.996176 1.60725
875 0.987096 1.59673
876 1.01508 1.65595
877 0.95355 1.5402
878 1.05402 1.75234
879 0.943706 1.51638
880 1.0468 1.74258
881 0.932326 1.50787
882 1.08791 1.83664
883 0.753978 1.29344
884 1.37854 2.82509
885 0.231612 0.590616
886 1.41437 3.89596
887 0.316322 0.699198
888 1.47646 4.06699
889 0.189318 0.530526
890 1.42901 3.9363
891 0.206152 0.573906
892 1.3442 3.70268
893 0.809932 1.34098
894 1.16658 2.04214
895 0.751178 1.26175
896 1.02954 2.07399
897 0.971116 1.89416
898 1.0556 2.12506
899 1.09621 2.01715
900 1.05902 1.76076
901 0.698562 1.20339
902 1.3882 3.82387
903 0.63294 1.11048
904 1.66515 3.682
905 0.174898 0.50712
906 1.42129 3.91504
907 0.257534 0.649428
908 1.39572 3.84458
909 0.529364 0.970302
910 1.41118 3.88718
911 0.36535 0.772272
912 1.48518 4.09102
913 0.196784 0.552138
914 1.43527 3.95353
915 0.190224 0.530016
916 1.40066 3.8582
917 0.45682 0.867948
918 1.36339 3.75554
919 0.79867 1.30784
920 1.16262 2.02383
921 0.809726 1.35668
922 1.18078 2.14462
923 0.730322 1.23108
924 1.39994 2.86664
925 0.215086 0.60012
926 1.43457 3.9516
927 0.205842 0.573474
928 1.46031 4.02252
929 0.191858 0.536418
930 1.44637 3.9841
931 0.205564 0.57363
932 1.37833 3.7967
933 0.73795 1.23941
934 1.04701 1.97764
935 1.15607 2.01065
936 0.77233 1.29839
937 1.00509 1.98249
938 0.99383 1.949
939 0.991598 1.95825
940 0.964154 1.92156
941 1.35286 2.76938
942 0.478818 0.899706
943 1.50002 4.13191
944 0.183348 0.51555
945 1.3562 3.73574
946 0.870814 1.43177
947 1.04599 1.73645
948 0.96947 1.56369
949 0.987838 1.62499
950 1.01523 1.68217
951 1.05026 1.72445
952 0.730414 1.24729
953 1.60936 3.47806
954 0.165996 0.476952
955 1.41319 3.89272
956 0.325946 0.708042
957 1.38833 3.82425
958 0.641122 1.12562
959 1.49149 3.17303
960 0.191658 0.540594
961 1.39797 3.8508
962 0.531188 0.98892
963 1.39291 3.83686
964 0.60004 1.08059
965 1.41016 3.88436
966 0.37125 0.774726
967 1.44648 3.98442
968 0.217104 0.605844
969 1.39258 3.83596
970 0.580574 1.04351
971 1.43907 3.964
972 0.204128 0.569052
973 1.509 4.15662
974 0.196398 0.552978
975 1.52411 4.19824
976 0.186372 0.525936
977 1.48882 4.10103
978 0.183082 0.51396
979 1.42227 3.91772
980 0.245288 0.633576
981 1.43196 3.94442
982 0.204486 0.569502
983 1.50387 4.1425
984 0.195294 0.549456
985 1.47 4.04921
986 0.204696 0.573096
987 1.35742 3.73909
988 0.818918 1.34552
989 1.12388 1.93586
990 0.729264 1.24157
991 1.63252 3.47264
992 0.17308 0.499632
993 1.45311 4.00267
994 0.202368 0.565236
995 1.42299 3.9197
996 0.22311 0.58722
997 1.39202 3.83441
998 0.563512 1.00951
999 1.42893 3.93608
