0 0.607295 2.86112
1 0.667854 0.470562
2 0.69452 0.638904
3 0.797011 0.974922
4 0.899295 1.46406
5 0.81529 1.41043
6 0.781305 1.4993
7 0.761486 1.71973
8 0.95596 1.74177
9 1.03429 1.79853
10 0.840639 1.80914
11 0.888657 1.91633
12 0.918181 1.97655
13 0.956156 2.04854
14 0.892528 2.39719
15 0.885317 2.26651
16 0.99516 2.81773
17 0.976715 2.59633
18 0.9464 2.82537
19 0.914821 2.82061
20 0.995956 3.20353
21 0.998582 3.18701
22 1.04092 3.26882
23 1.07729 3.49286
24 0.894755 3.17287
25 0.882576 2.25854
26 0.873749 0.727008
27 0.88985 0.654264
28 0.895182 0.872976
29 0.926948 0.703122
30 0.932387 0.682122
31 0.934151 0.62019
32 0.944281 0.55593
33 0.951821 0.658194
34 0.956888 0.580116
35 0.96399 0.581922
36 0.965167 0.587916
37 0.969492 0.594048
38 0.973976 0.556908
39 0.975234 0.56865
40 0.978293 0.57867
41 0.9804 0.53922
42 0.982354 0.621372
43 0.984126 0.63336
44 0.985715 0.657744
45 0.987143 0.669198
46 0.988429 0.704148
47 0.989586 0.760782
48 0.990627 0.716028
49 0.991565 0.80073
50 0.992407 0.817992
51 0.993167 0.840774
52 0.99385 0.839652
53 0.994465 0.897576
54 0.995019 0.848874
55 0.995517 0.835164
56 0.995965 0.906066
57 0.996369 0.854736
58 0.996733 0.86013
59 0.997059 0.847074
60 0.997352 0.874656
61 0.997617 0.912312
62 0.997856 0.876396
63 0.99807 0.90966
64 0.998264 0.841992
65 0.998437 0.868476
66 0.998594 0.889224
67 0.998734 0.901986
68 0.99886 0.905346
69 0.998975 0.917526
70 0.999077 0.923994
71 0.999169 0.91872
72 0.999252 0.89997
73 0.999327 0.92859
74 0.999395 0.952656
75 0.999455 0.972156
76 0.99951 0.917664
77 0.999559 0.89508
78 0.999602 0.97155
79 0.999642 0.891846
80 0.999679 0.9276
81 0.99971 0.922608
82 0.999739 0.935292
83 0.999765 0.90402
84 0.999789 0.963162
85 0.99981 0.914412
86 0.999829 0.910254
87 0.999846 0.907674
88 0.999861 0.99066
89 0.999875 0.944112
90 0.999887 0.937476
91 0.999899 0.939576
92 0.999909 0.883044
93 0.999919 0.951246
94 0.999926 0.90894
95 0.999934 0.948762
96 0.99994 0.976044
97 0.999946 0.951906
98 0.999951 0.959016
99 0.999956 0.940914
100 0.999961 0.91419
101 0.999965 0.96297
102 0.999969 0.93537
103 0.999971 0.905514
104 0.999974 0.933822
105 0.999977 0.897078
106 0.999979 0.921642
107 0.999981 0.918372
108 0.999984 0.90999
109 0.999985 0.944832
110 0.999986 0.97716
111 0.999987 0.900456
112 0.999989 0.928794
113 0.99999 0.944814
114 0.999991 0.932766
115 0.999992 0.95343
116 0.999992 0.87114
117 0.999994 0.90483
118 0.999994 0.974982
119 0.999995 0.970674
120 0.999995 0.950976
121 0.999996 0.951294
122 0.999996 0.947202
123 0.999996 0.953976
124 0.999997 0.932754
125 0.999997 0.984486
126 0.999997 0.95352
127 0.999997 0.92694
128 0.999997 0.953166
129 0.999999 0.95127
130 0.999999 0.932358
131 0.999999 0.982866
132 0.999999 0.897834
133 0.999999 0.91728
134 0.999999 0.91665
135 0.999999 0.95301
136 0.999999 0.936264
137 0.999999 0.920592
138 0.999999 0.93375
139 0.999999 0.916956
140 1 0.995052
141 1 0.916578
142 1 0.926166
143 1 0.92325
144 1 0.98376
145 1 0.897954
146 1 0.95124
147 1 0.958908
148 1 0.91404
149 1 0.94314
150 1 0.917184
151 1 0.934992
152 1 0.980928
153 1 0.938442
154 1 0.93345
155 1 0.944058
156 1 0.952092
157 1 0.910134
158 1 0.91461
159 1 0.906156
160 1 0.900594
161 1 0.911142
162 1 0.941592
163 1 0.977196
164 1 0.90861
165 1 0.97314
166 1 0.913644
167 1 0.90822
168 1 0.91836
169 1 0.951828
170 1 0.964254
171 1 0.949584
172 1 0.909078
173 1 0.969888
174 1 0.873858
175 1 0.932544
176 1 0.934104
177 1 0.943968
178 1 0.962916
179 1 0.938292
180 1 0.939366
181 1 0.941616
182 1 0.890232
183 1 0.90885
184 1 0.930456
185 1 0.926688
186 1 0.884106
187 1 0.937272
188 1 0.946854
189 1 0.92238
190 1 0.891714
191 1 0.92604
192 1 0.924948
193 1 0.915432
194 1 0.929154
195 1 0.969504
196 1 0.956964
197 1 0.92925
198 1 0.941268
199 1 0.98319
200 1 0.965526
201 1 0.94689
202 1 0.930426
203 1 0.901254
204 1 0.899034
205 1 0.903984
206 1 0.96087
207 1 0.927804
208 1 0.957348
209 1 0.968172
210 1 0.94257
211 1 0.90975
212 1 0.94587
213 1 0.941808
214 1 0.933366
215 1 0.940056
216 1 0.974676
217 1 0.923928
218 1 0.949656
219 1 0.959046
220 1 0.938502
221 1 0.880554
222 1 0.92619
223 1 0.990036
224 1 0.91884
225 1 0.891438
226 1 0.948294
227 1 0.957078
228 1 0.921702
229 1 0.930936
230 1 0.943578
231 1 0.924198
232 1 0.962658
233 1 0.93312
234 1 0.927792
235 1 0.887082
236 1 0.916026
237 1 0.893466
238 1 0.918822
239 1 0.956328
240 1 0.949614
241 1 0.94179
242 1 0.968124
243 1 0.932784
244 1 0.929832
245 1 0.948174
246 1 0.9381
247 1 0.935124
248 1 0.929112
249 1 0.97635
250 1 0.92439
251 1 0.987966
252 1 0.942978
253 1 0.958626
254 1 0.940368
255 1 0.915924
256 1 0.989652
257 1 0.89031
258 1 0.946584
259 1 0.914934
260 1 0.947472
261 1 0.944244
262 1 0.922884
263 1 0.9252
264 1 0.93921
265 1 0.911502
266 1 0.90252
267 1 0.971082
268 1 0.91488
269 1 0.88575
270 1 0.914538
271 1 0.91695
272 1 0.919884
273 1 0.904536
274 1 0.954
275 1 0.930486
276 1 0.919548
277 1 0.938628
278 1 0.938004
279 1 0.903768
280 1 0.979302
281 1 0.929454
282 1 0.90609
283 1 1.00045
284 1 0.990498
285 1 0.910194
286 1 0.92196
287 1 0.94365
288 1 0.974046
289 1 0.936888
290 1 0.935412
291 1 0.93057
292 1 0.98991
293 1 0.914232
294 1 0.975978
295 1 0.951294
296 1 0.946728
297 1 0.94851
298 1 0.89073
299 1 0.895146
300 1 0.933756
301 1 0.889278
302 1 0.941328
303 1 0.911124
304 1 0.998946
305 1 0.943968
306 1 0.963204
307 1 0.917904
308 1 0.958596
309 1 0.940626
310 1 0.875592
311 1 0.902898
312 1 0.905466
313 1 0.889752
314 1 0.919086
315 1 0.912852
316 1 0.945048
317 1 0.97296
318 1 0.923604
319 1 0.950988
320 1 0.953742
321 1 0.940188
322 1 0.969846
323 1 0.934128
324 1 0.930174
325 1 0.933828
326 1 0.93846
327 1 0.987942
328 1 0.932964
329 1 0.950358
330 1 0.90687
331 1 0.933888
332 1 0.95724
333 1 0.872064
334 1 0.904704
335 1 0.942078
336 1 0.929658
337 1 0.971094
338 1 0.990414
339 1 0.932748
340 1 0.973494
341 1 0.92913
342 1 0.970128
343 1 0.924288
344 1 0.938412
345 1 0.989754
346 1 0.905454
347 1 0.946866
348 1 0.912732
349 1 0.909618
350 1 0.899184
351 1 0.962634
352 1 0.868026
353 1 0.918408
354 1 0.901578
355 1 0.96126
356 1 0.937536
357 1 0.909816
358 1 1.01231
359 1 0.901638
360 1 0.958644
361 1 0.973308
362 1 0.933624
363 1 0.883614
364 1 0.937272
365 1 0.967722
366 1 0.920586
367 1 0.930828
368 1 0.96807
369 1 0.978534
370 1 0.99615
371 1 0.891444
372 1 0.97494
373 1 0.913746
374 1 0.964746
375 1 0.939954
376 1 0.948144
377 1 0.949656
378 1 0.987942
379 1 0.942258
380 1 0.886002
381 1 0.98685
382 1 0.94035
383 1 0.928434
384 1 0.935658
385 1 0.879864
386 1 0.983844
387 1 0.977586
388 1 0.95148
389 1 0.876108
390 1 0.932694
391 1 0.966282
392 1 0.934962
393 1 0.982458
394 1 0.953214
395 1 0.939264
396 1 0.928398
397 1 0.940836
398 1 0.97824
399 1 0.938268
400 1 0.909312
401 1 0.908382
402 1 0.92205
403 1 0.98292
404 1 0.899346
405 1 0.92802
406 1 0.936732
407 1 0.924846
408 1 0.885294
409 1 0.976638
410 1 0.846012
411 1 0.951234
412 1 0.94806
413 1 0.944784
414 1 0.966816
415 1 0.898356
416 1 0.974052
417 1 0.920664
418 1 0.92787
419 1 0.911712
420 1 0.914136
421 1 0.938628
422 1 0.939444
423 1 0.92442
424 1 0.860814
425 1 0.964464
426 1 0.95001
427 1 0.886194
428 1 0.944484
429 1 0.944208
430 1 0.932376
431 1 0.943212
432 1 0.94182
433 1 0.885738
434 1 0.911928
435 1 0.906372
436 1 0.949314
437 1 0.935052
438 1 0.94119
439 1 0.897312
440 1 0.975084
441 1 0.915498
442 1 0.90309
443 1 0.94275
444 1 0.961446
445 1 0.942576
446 1 0.913812
447 1 0.996588
448 1 0.916452
449 1 0.921984
450 1 0.945102
451 1 1.00157
452 1 0.946062
453 1 0.987852
454 1 0.894636
455 1 0.943788
456 1 0.9606
457 1 0.952944
458 1 0.901158
459 1 0.938724
460 1 0.96231
461 1 0.952758
462 1 0.9105
463 1 0.94674
464 1 0.95283
465 1 0.920802
466 1 0.886626
467 1 0.943698
468 1 0.896256
469 1 0.964956
470 1 0.93489
471 1 0.92001
472 1 0.878706
473 1 0.929568
474 1 0.974598
475 1 0.93252
476 1 0.907272
477 1 0.952962
478 1 0.94884
479 1 0.917022
480 1 0.911304
481 1 0.882882
482 1 0.932088
483 1 0.934872
484 1 0.922098
485 1 0.918984
486 1 0.891324
487 1 0.912576
488 1 0.963342
489 1 0.94797
490 1 0.965142
491 1 0.983418
492 1 0.932454
493 1 0.909732
494 1 0.937392
495 1 0.939126
496 1 0.955248
497 1 0.936798
498 1 0.914958
499 1 0.96948
