0 0.391114 2.86112
1 1.02393 5.82805
2 1.39664 4.38259
3 0.852548 0.582468
4 1.18234 1.62765
5 0.637038 1.0105
6 1.12472 3.72308
7 1.21468 2.6267
8 0.964571 1.59967
9 0.872719 1.72644
10 0.850997 2.46249
11 1.10865 4.77196
12 0.94237 2.91847
13 0.878748 3.72371
14 1.41931 6.00636
15 0.666241 1.39785
16 1.25534 2.92761
17 0.803789 1.83882
18 1.0734 1.81388
19 0.939354 1.20577
20 1.03962 1.59299
21 1.0051 0.962502
22 0.928336 0.869112
23 0.752462 1.91037
24 1.14767 5.73746
25 1.24726 3.22379
26 0.811491 2.6014
27 0.938086 2.17675
28 1.2633 3.28174
29 0.805429 1.51485
30 1.08987 1.89422
31 1.16319 0.979998
32 0.736899 2.20033
33 1.45601 2.00546
34 0.707344 0.933
35 1.062 1.1065
36 1.01209 1.04308
37 1.15914 1.44417
38 0.727604 1.16064
39 0.978964 0.730578
40 1.09777 0.65382
41 0.65878 0.676614
42 1.45193 4.71746
43 0.694809 0.914946
44 1.00763 1.70042
45 0.870506 1.51906
46 1.07764 3.99504
47 1.28597 2.64561
48 0.6074 0.694032
49 1.41823 4.77378
50 0.836876 1.56715
51 1.16612 0.7359
52 0.869635 1.13149
53 1.28249 0.689232
54 0.605052 0.820608
55 0.918237 1.16131
56 1.42854 2.90366
57 0.59584 1.1876
58 0.98402 2.24895
59 0.868556 2.49446
60 1.14057 5.08217
61 1.22518 2.47458
62 0.7477 0.745734
63 1.17827 2.97023
64 0.588587 0.554226
65 0.968724 5.58523
66 1.10338 5.69978
67 1.08186 3.71056
68 1.01074 2.15812
69 1.06365 1.97557
70 1.02601 0.75585
71 0.956837 0.578406
72 0.879574 1.05493
73 1.16692 3.4123
74 1.13752 0.58644
75 1.04048 0.671124
76 0.764405 0.635904
77 0.825331 1.2482
78 1.49962 4.87231
79 0.517422 0.782124
80 1.16306 4.30895
81 0.968375 1.17911
82 1.0732 1.80449
83 0.823521 0.54582
84 1.36096 3.90533
85 0.710391 0.613596
86 0.936677 2.35107
87 0.972361 3.52609
88 1.56282 4.41039
89 0.970222 0.519084
90 0.610841 0.79947
91 1.05886 1.40131
92 0.676866 0.532278
93 1.37562 5.93138
94 0.749151 0.564144
95 1.21993 3.39011
96 1.18778 0.566916
97 0.821102 0.630756
98 1.09263 0.570852
99 0.78866 0.614586
100 0.891798 1.19868
101 1.30737 3.40101
102 0.918392 0.53733
103 0.778311 0.52062
104 1.11033 3.21934
105 0.783475 1.06168
106 1.12761 5.22941
107 0.988896 2.7622
108 0.944221 2.94418
109 1.22914 4.13798
110 1.15238 0.591282
111 0.708111 0.557346
112 1.03308 2.35954
113 1.0989 1.7591
114 0.946601 0.551268
115 1.10098 0.885276
116 0.569987 0.519522
117 1.02517 5.63324
118 1.5075 5.5169
119 0.829609 0.582414
120 0.957787 0.570852
121 1.02608 0.554886
122 0.981348 0.54075
123 1.02484 0.57075
124 0.895477 0.54282
125 1.28888 1.02886
126 0.752022 0.556026
127 0.910666 0.552996
128 1.15843 1.9429
129 1.00578 0.539826
130 0.897111 0.534906
131 1.26275 0.767316
132 0.625394 0.446382
133 0.982724 2.82051
134 0.994004 3.14337
135 1.23864 3.38524
136 0.879206 0.546168
137 0.91779 1.04501
138 1.07661 2.63429
139 0.90135 1.14623
140 1.49702 3.25706
141 0.542549 0.563514
142 1.01168 2.27997
143 0.982548 2.05153
144 1.38025 2.53811
145 0.539984 0.640344
146 1.26222 4.01027
147 1.04103 0.548694
148 0.773837 0.50154
149 1.12692 2.48491
150 0.848786 0.544776
151 1.0996 2.92935
152 1.27048 1.06952
153 0.747616 0.52815
154 0.973444 0.67125
155 1.06255 1.19303
156 1.04874 0.559674
157 0.757401 0.5292
158 1.00305 3.6187
159 0.943907 3.52853
160 0.951346 4.55404
161 1.06692 5.58666
162 1.21978 4.39821
163 1.19792 0.576384
164 0.676674 0.462354
165 1.32241 2.66081
166 0.675829 0.46914
167 0.911739 2.51623
168 1.05551 4.20666
169 1.22488 3.27642
170 1.04727 0.558306
171 0.924735 0.547902
172 0.779416 0.53337
173 1.37165 3.81006
174 0.475208 0.473052
175 1.22707 5.80501
176 1.01351 1.37344
177 1.05842 1.12648
178 1.10374 0.564576
179 0.848387 0.528594
180 1.02044 0.917712
181 1.01254 0.562884
182 0.710005 0.52887
183 1.0537 5.65752
184 1.15972 4.68734
185 0.982044 1.62193
186 0.7362 1.87298
187 1.26169 5.83446
188 1.05296 0.719808
189 0.864404 0.534396
190 0.795321 2.18906
191 1.17949 5.76453
192 1.00326 2.26252
193 0.940784 2.17801
194 1.08344 3.33907
195 1.24955 1.825
196 0.9096 0.510906
197 0.858855 0.517344
198 1.05857 1.4242
199 1.23422 0.584742
200 0.838516 0.500346
201 0.958394 0.536136
202 0.909964 0.538668
203 0.818739 1.36988
204 0.94778 4.72479
205 1.01809 5.62723
206 1.41359 5.5896
207 0.789104 0.49452
208 1.15978 1.53083
209 1.04263 0.532452
210 0.858946 0.503346
211 0.820701 0.540672
212 1.21562 3.8005
213 0.96872 0.543846
214 0.94856 0.552762
215 1.04025 1.21487
216 1.19629 0.58077
217 0.723956 0.470622
218 1.13998 1.99672
219 1.03897 0.546
220 0.891574 0.51822
221 0.665972 0.577914
222 1.18057 5.76545
223 1.40974 2.39978
224 0.597221 0.41925
225 0.787327 2.03356
226 1.34232 5.90305
227 1.01862 0.544812
228 0.81768 0.514512
229 1.04166 2.29385
230 1.07735 1.51882
231 0.887958 0.541722
232 1.23252 2.23436
233 0.832719 0.465546
234 0.953069 0.912096
235 0.748521 1.72591
236 1.10621 5.70219
237 0.861151 3.52831
238 1.12669 5.71961
239 1.2591 3.37487
240 0.935337 0.487392
241 0.962112 0.527952
242 1.15039 0.56979
243 0.802554 0.44541
244 0.979117 1.19324
245 1.11039 1.62287
246 0.937426 0.522708
247 0.983671 0.68346
248 0.964659 0.990204
249 1.28581 1.7482
250 0.702571 0.407352
251 1.3716 2.00443
252 0.711249 0.38241
253 1.09728 0.564594
254 0.893935 0.486294
255 0.86323 0.545388
256 1.46448 3.28063
257 0.476376 0.347322
258 1.24684 4.28611
259 0.812837 0.510396
260 1.18915 3.13055
261 0.969481 0.525354
262 0.882291 0.53427
263 1.0057 2.28038
264 1.08775 2.20513
265 0.839574 0.544008
266 0.917457 3.46417
267 1.47396 5.40894
268 0.656031 0.398358
269 0.772104 2.53777
270 1.09534 5.69294
271 1.02807 3.82548
272 1.02243 3.30819
273 0.902889 2.83681
274 1.33013 4.90608
275 0.844672 0.481938
276 0.929545 1.41865
277 1.11588 2.80436
278 0.994391 0.57318
279 0.802359 0.656226
280 1.48672 4.68505
281 0.67215 0.38355
282 0.84782 1.37843
283 1.62408 4.64497
284 0.731143 0.343002
285 0.699712 0.43866
286 1.03253 3.24137
287 1.141 2.68811
288 1.16231 0.560598
289 0.79239 0.426924
290 0.992871 0.828564
291 0.971605 0.960324
292 1.35695 1.59805
293 0.58853 0.366924
294 1.34032 2.66689
295 0.812177 0.41298
296 0.992266 0.532878
297 1.01029 0.539298
298 0.684876 0.49968
299 0.949269 5.46211
300 1.23595 5.81256
301 0.738625 1.14556
302 1.29134 5.85968
303 0.820861 0.53079
304 1.5592 3.82207
305 0.606679 0.337794
306 1.12854 0.570564
307 0.755629 0.456606
308 1.23366 2.68366
309 0.878827 0.475344
310 0.632237 0.520824
311 1.01013 5.62045
312 1.02058 5.42974
313 0.891504 4.92281
314 1.12862 5.72125
315 0.971534 3.18534
316 1.21291 3.8494
317 1.14144 0.551214
318 0.739275 0.426792
319 1.15088 2.04767
320 1.00109 0.518076
321 0.92812 0.509952
322 1.17138 0.577512
323 0.797473 0.438042
324 0.974825 1.06915
325 1.02127 1.55548
326 1.02764 1.15382
327 1.28445 0.65454
328 0.687978 0.38565
329 1.09801 1.16693
330 0.759126 0.497808
331 1.14191 3.88302
332 1.13983 1.19417
333 0.547449 0.452388
334 1.02335 5.6317
335 1.27262 5.36858
336 0.920408 0.538404
337 1.2479 1.64057
338 1.03747 0.45051
339 0.735419 0.406686
340 1.23703 1.22951
341 0.746059 0.416904
342 1.2374 1.56178
343 0.739511 0.42495
344 1.06969 1.9551
345 1.29437 0.647532
346 0.566905 0.369972
347 1.19533 3.31339
348 0.802087 0.510078
349 0.952912 3.23122
350 0.921277 4.06251
351 1.44726 5.99233
352 0.484856 0.40575
353 1.12365 5.71703
354 0.901512 3.23777
355 1.40826 5.43864
356 0.825464 0.447816
357 0.841074 0.743874
358 1.66593 4.12718
359 0.387644 0.283392
360 1.24385 2.85502
361 1.04042 0.4908
362 0.802432 0.442926
363 0.702002 1.06041
364 1.26169 5.83446
365 1.17371 0.73572
366 0.742631 0.438378
367 1.04154 2.3047
368 1.22582 1.57222
369 1.00647 0.458754
370 1.08068 0.462252
371 0.53168 0.376032
372 1.45829 4.69478
373 0.634085 0.389658
374 1.27946 2.81271
375 0.834305 0.447144
376 1.05112 0.567042
377 1.0045 0.532098
378 1.20671 0.550266
379 0.744927 0.397398
380 0.689634 0.525126
381 1.62443 6.14305
382 0.64269 0.35685
383 0.94121 0.602406
384 1.04156 1.73524
385 0.673344 0.881868
386 1.60247 6.12437
387 0.806396 0.380874
388 0.918935 0.471732
389 0.600619 0.486804
390 1.22817 5.80594
391 1.20488 1.39895
392 0.813525 0.44685
393 1.27819 1.05153
394 0.799694 0.405504
395 0.944974 0.524214
396 0.93878 0.558384
397 1.07324 1.74713
398 1.20985 0.577032
399 0.770196 0.41361
400 0.835942 0.694716
401 0.968396 3.75038
402 1.08969 4.40858
403 1.39713 2.8872
404 0.54903 0.371028
405 1.09684 3.75063
406 1.05797 1.92537
407 0.930519 0.801438
408 0.749476 2.02868
409 1.54971 6.07949
410 0.332719 0.350178
411 1.36381 5.92134
412 0.950436 0.501576
413 0.985639 0.53442
414 1.12329 0.55713
415 0.646177 0.435906
416 1.44586 4.58516
417 0.670207 0.395712
418 1.01593 2.15681
419 0.901558 1.82141
420 1.00245 3.67184
421 1.1644 3.72302
422 1.00184 0.56226
423 0.913931 0.552012
424 0.597976 1.99897
425 1.46062 6.0037
426 0.855603 0.4347
427 0.663289 0.499986
428 1.31444 5.87933
429 0.982295 0.533964
430 0.934835 0.53946
431 1.06336 1.2998
432 0.989402 0.54618
433 0.683385 0.52059
434 1.07623 5.67669
435 0.972394 4.13642
436 1.29728 4.88398
437 0.900789 0.507054
438 1.03568 1.00496
439 0.750332 0.528684
440 1.49811 5.35115
441 0.634235 0.38691
442 0.87799 2.47645
443 1.25691 4.96138
444 1.09335 0.553992
445 0.891285 0.478146
446 0.841859 0.53691
447 1.52417 3.52181
448 0.531929 0.336726
449 0.981905 2.19743
450 1.14542 2.60325
451 1.30278 0.569778
452 0.676085 0.364152
453 1.25485 0.577386
454 0.536701 0.372828
455 1.22524 4.22864
456 1.08224 0.549546
457 0.949371 0.487296
458 0.728399 0.494508
459 1.20557 4.49426
460 1.1315 0.57498
461 0.932102 0.47676
462 0.780386 0.501264
463 1.20839 3.56593
464 1.01952 0.532458
465 0.828013 0.501294
466 0.769176 2.32256
467 1.30868 5.87444
468 0.724086 0.510648
469 1.42584 5.29418
470 0.787743 0.429168
471 0.911596 0.988806
472 0.727846 2.53756
473 1.2053 5.78648
474 1.28273 1.86812
475 0.7479 0.412488
476 0.84547 1.1691
477 1.28683 4.24813
478 0.949724 0.498894
479 0.830254 0.516204
480 0.944597 2.8138
481 0.799585 3.72923
482 1.22372 5.80216
483 1.02145 1.43875
484 0.924974 1.01353
485 0.974322 2.42414
486 0.818524 2.82058
487 1.08097 5.68072
488 1.35833 4.30278
489 0.86904 0.448692
490 1.10408 0.550146
491 1.07165 0.484986
492 0.751467 0.414156
493 0.86038 1.17952
494 1.16565 3.89953
495 1.00839 0.71631
496 1.09232 0.571578
497 0.893547 0.49668
498 0.873594 0.805758
499 1.34233 3.3671
