0 0.541976 0.672432
1 1 1.15767
2 1 1.21279
3 1 1.15895
4 1 1.13861
5 1 1.17019
6 1 1.17032
7 1 1.12666
8 1 1.19353
9 1 1.20584
10 1 1.15847
11 1 1.14744
12 1 1.20494
13 1 1.14866
14 1 1.11412
15 1 1.19798
16 1 1.15009
17 1 1.07369
18 1 1.21247
19 1 1.09813
20 1 1.10956
21 1 1.09943
22 1 1.17996
23 1 1.13737
24 1 1.11927
25 1 1.15612
26 1 1.13419
27 1 1.13134
28 1 1.20287
29 1 1.19707
30 1 1.13848
31 1 1.13572
32 1 1.11276
33 1 1.17835
34 1 1.13962
35 1 1.22593
36 1 1.13828
37 1 1.18061
38 1 1.10804
39 1 1.15823
40 1 1.09942
41 1 1.16896
42 1 1.14015
43 1 1.13348
44 1 1.09354
45 1 1.14248
46 1 1.12127
47 1 1.15214
48 1 1.19875
49 1 1.16328
50 1 1.15349
51 1 1.13204
52 1 1.1527
53 1 1.15768
54 1 1.11671
55 1 1.19125
56 1 1.15902
57 1 1.1166
58 1 1.17038
59 1 1.11176
60 1 1.09166
61 1 1.15422
62 1 1.15828
63 1 1.1512
64 1 1.18699
65 1 1.20031
66 1 1.20994
67 1 1.15748
68 1 1.13171
69 1 1.12678
70 1 1.07853
71 1 1.19138
72 1 1.15132
73 1 1.1734
74 1 1.16986
75 1 1.08684
76 1 1.13749
77 1 1.14462
78 1 1.19926
79 1 1.20316
80 1 1.13384
81 1 1.0978
82 1 1.17142
83 1 1.12292
84 1 1.18895
85 1 1.10501
86 1 1.15824
87 1 1.2433
88 1 1.109
89 1 1.13956
90 1 1.13282
91 1 1.11897
92 1 1.15384
93 1 1.14746
94 1 1.18447
95 1 1.12489
96 1 1.13233
97 1 1.09831
98 1 1.22448
99 1 1.15232
100 1.30148 1.67539
101 0.909111 1.22486
102 1.0274 1.43365
103 0.99174 1.32665
104 1.00249 1.31621
105 0.999249 1.34874
106 1.00023 1.3501
107 0.999931 1.29937
108 1.00002 1.3766
109 0.999994 1.39078
110 1 1.33615
111 1 1.32342
112 1 1.38973
113 1 1.32483
114 1 1.285
115 1 1.38172
116 1 1.32647
117 1 1.23837
118 1 1.39842
119 1 1.26655
120 1 1.27972
121 1 1.26805
122 1 1.36093
123 1 1.3118
124 1 1.29093
125 1 1.33343
126 1 1.30814
127 1 1.30485
128 1 1.38736
129 1 1.38067
130 1 1.31309
131 1 1.30991
132 1 1.28342
133 1 1.35908
134 1 1.31441
135 1 1.41394
136 1 1.31286
137 1 1.36168
138 1 1.27798
139 1 1.33587
140 1 1.26803
141 1 1.34824
142 1 1.31501
143 1 1.30733
144 1 1.26125
145 1 1.3177
146 1 1.29325
147 1 1.32884
148 1 1.3826
149 1 1.34169
150 1 1.3304
151 1 1.30565
152 1 1.32949
153 1 1.33523
154 1 1.28798
155 1 1.37395
156 1 1.33678
157 1 1.28785
158 1 1.34987
159 1 1.28227
160 1 1.25909
161 1 1.33124
162 1 1.33592
163 1 1.32776
164 1 1.36903
165 1 1.38439
166 1 1.3955
167 1 1.33501
168 1 1.30528
169 1 1.29959
170 1 1.24394
171 1 1.3741
172 1 1.32789
173 1 1.35337
174 1 1.34928
175 1 1.25353
176 1 1.31194
177 1 1.32017
178 1 1.38319
179 1 1.38769
180 1 1.30774
181 1 1.26616
182 1 1.35108
183 1 1.29514
184 1 1.37131
185 1 1.27449
186 1 1.33588
187 1 1.43398
188 1 1.27908
189 1 1.31432
190 1 1.30656
191 1 1.29058
192 1 1.3308
193 1 1.32344
194 1 1.36612
195 1 1.29741
196 1 1.30599
197 1 1.26676
198 1 1.41227
199 1 1.32905
200 1 1.33457
201 1 1.37899
202 1 1.32501
203 1 1.32032
204 1 1.27253
205 1 1.27652
206 1 1.24785
207 1 1.33973
208 1 1.26658
209 1 1.33108
210 1 1.29587
211 1 1.32903
212 1 1.31335
213 1 1.33601
214 1 1.36184
215 1 1.30588
216 1 1.30756
217 1 1.31648
218 1 1.33537
219 1 1.29158
220 1 1.30192
221 1 1.31171
222 1 1.30714
223 1 1.42103
224 1 1.39259
225 1 1.33402
226 1 1.36063
227 1 1.33069
228 1 1.26096
229 1 1.33707
230 1 1.30838
231 1 1.30935
232 1 1.42828
233 1 1.36271
234 1 1.37722
235 1 1.39122
236 1 1.32779
237 1 1.30812
238 1 1.26613
239 1 1.26326
240 1 1.25508
241 1 1.41523
242 1 1.3768
243 1 1.35857
244 1 1.32902
245 1 1.28564
246 1 1.36898
247 1 1.30532
248 1 1.33055
249 1 1.27195
250 1 1.28331
251 1 1.30441
252 1 1.32501
253 1 1.39595
254 1 1.28206
255 1 1.34617
256 1 1.22516
257 1 1.29544
258 1 1.35527
259 1 1.27115
260 1 1.38202
261 1 1.37137
262 1 1.33726
263 1 1.27423
264 1 1.2186
265 1 1.32401
266 1 1.36606
267 1 1.34305
268 1 1.40489
269 1 1.34714
270 1 1.25214
271 1 1.33626
272 1 1.24678
273 1 1.32806
274 1 1.32725
275 1 1.34388
276 1 1.36365
277 1 1.30901
278 1 1.32245
279 1 1.35194
280 1 1.32026
281 1 1.33313
282 1 1.34371
283 1 1.33966
284 1 1.32579
285 1 1.36082
286 1 1.38749
287 1 1.34941
288 1 1.30534
289 1 1.33324
290 1 1.27294
291 1 1.3301
292 1 1.32971
293 1 1.32101
294 1 1.35064
295 1 1.28391
296 1 1.40787
297 1 1.26908
298 1 1.39151
299 1 1.22482
300 1 1.30843
301 1 1.31848
302 1 1.35979
303 1 1.27955
304 1 1.37513
305 1 1.30029
306 1 1.29503
307 1 1.36721
308 1 1.37273
309 1 1.34534
310 1 1.25998
311 1 1.3423
312 1 1.30166
313 1 1.20815
314 1 1.30687
315 1 1.25908
316 1 1.37953
317 1 1.28361
318 1 1.35218
319 1 1.34299
320 1 1.29533
321 1 1.33509
322 1 1.23341
323 1 1.33987
324 1 1.34364
325 1 1.35055
326 1 1.30975
327 1 1.32439
328 1 1.34577
329 1 1.35896
330 1 1.29578
331 1 1.37099
332 1 1.36643
333 1 1.37575
334 1 1.27557
335 1 1.23716
336 1 1.31807
337 1 1.28296
338 1 1.31059
339 1 1.29159
340 1 1.35097
341 1 1.38667
342 1 1.33614
343 1 1.35709
344 1 1.36572
345 1 1.34323
346 1 1.41075
347 1 1.30529
348 1 1.2979
349 1 1.3641
350 1 1.41124
351 1 1.33142
352 1 1.32924
353 1 1.26819
354 1 1.22987
355 1 1.34672
356 1 1.30751
357 1 1.27715
358 1 1.36607
359 1 1.36817
360 1 1.32996
361 1 1.32241
362 1 1.34985
363 1 1.30636
364 1 1.3644
365 1 1.23418
366 1 1.27793
367 1 1.35348
368 1 1.33171
369 1 1.3028
370 1 1.35437
371 1 1.3016
372 1 1.3055
373 1 1.31586
374 1 1.29776
375 1 1.36282
376 1 1.32835
377 1 1.27801
378 1 1.28033
379 1 1.32932
380 1 1.36013
381 1 1.34435
382 1 1.28822
383 1 1.32466
384 1 1.38471
385 1 1.31261
386 1 1.32173
387 1 1.38164
388 1 1.38427
389 1 1.42579
390 1 1.28398
391 1 1.35083
392 1 1.32944
393 1 1.33729
394 1 1.34707
395 1 1.30537
396 1 1.34493
397 1 1.40441
398 1 1.29313
399 1 1.38772
400 1 1.35649
401 1 1.40833
402 1 1.35525
403 1 1.35527
404 1 1.34446
405 1 1.29881
406 1 1.31386
407 1 1.26036
408 1 1.31723
409 1 1.34387
410 1 1.34486
411 1 1.28981
412 1 1.28614
413 1 1.31584
414 1 1.25621
415 1 1.33464
416 1 1.28441
417 1 1.28088
418 1 1.37162
419 1 1.25702
420 1 1.3517
421 1 1.39308
422 1 1.25691
423 1 1.37595
424 1 1.31379
425 1 1.37965
426 1 1.32945
427 1 1.32706
428 1 1.28269
429 1 1.30961
430 1 1.32967
431 1 1.38773
432 1 1.34219
433 1 1.32886
434 1 1.35241
435 1 1.34448
436 1 1.31712
437 1 1.27933
438 1 1.38781
439 1 1.33781
440 1 1.36942
441 1 1.38193
442 1 1.34804
443 1 1.33713
444 1 1.29442
445 1 1.28929
446 1 1.32949
447 1 1.26101
448 1 1.28125
449 1 1.33913
450 1 1.32883
451 1 1.35688
452 1 1.29157
453 1 1.40568
454 1 1.34139
455 1 1.34631
456 1 1.33505
457 1 1.28608
458 1 1.34842
459 1 1.39592
460 1 1.31068
461 1 1.35559
462 1 1.33673
463 1 1.42407
464 1 1.33159
465 1 1.35905
466 1 1.28395
467 1 1.30684
468 1 1.40672
469 1 1.27473
470 1 1.29689
471 1 1.39665
472 1 1.3524
473 1 1.34262
474 1 1.25901
475 1 1.31386
476 1 1.26697
477 1 1.2915
478 1 1.32773
479 1 1.38403
480 1 1.23005
481 1 1.37799
482 1 1.33814
483 1 1.31506
484 1 1.37979
485 1 1.29008
486 1 1.26044
487 1 1.37855
488 1 1.317
489 1 1.31234
490 1 1.41957
491 1 1.38202
492 1 1.25158
493 1 1.30952
494 1 1.28064
495 1 1.34404
496 1 1.30697
497 1 1.37513
498 1 1.29885
499 1 1.40813
