0 0.574591 1.64182
1 0.4986 0.567852
2 0.41432 0.591744
3 0.572306 0.84963
4 0.925441 0.954618
5 0.901363 0.941796
6 0.958014 0.996204
7 1.00795 1.03151
8 1.03522 1.168
9 0.690449 0.940422
10 0.901056 0.965802
11 1.06409 1.21615
12 0.897053 1.0768
13 0.920706 1.08145
14 1.03363 1.09301
15 1.07018 1.29546
16 1.08029 1.27321
17 0.895324 0.960768
18 1.10899 1.43428
19 0.574437 0.85752
20 1.12363 1.39401
21 1.13526 1.48255
22 0.731987 1.22069
23 1.13289 1.5875
24 0.913104 1.13243
25 1.14243 1.74856
26 1.05088 1.43067
27 0.49264 0.980088
28 1.15204 2.00411
29 0.963997 1.56088
30 1.13252 2.0449
31 0.584547 1.14032
32 0.988606 1.4899
33 0.881423 1.68644
34 1.14269 2.29369
35 0.602497 1.35995
36 0.879429 1.81223
37 0.927501 1.71318
38 1.14115 2.46119
39 0.745411 1.77321
40 0.723671 1.63931
41 1.13355 3.16031
42 1.04405 2.63239
43 1.03858 2.66434
44 0.944646 0.92166
45 0.97118 0.988806
46 0.960533 0.998526
47 0.966436 1.03194
48 0.9719 1.06984
49 0.97607 1.04483
50 0.986327 1.02144
51 0.987714 1.00452
52 0.988943 1.02473
53 0.990049 1.03085
54 0.991044 0.995838
55 0.99194 1.06372
56 0.992746 1.03618
57 0.993471 0.999324
58 0.994124 1.04846
59 0.994711 0.996822
60 0.99524 0.979566
61 0.995717 1.03642
62 0.996144 1.04072
63 0.99653 1.03495
64 0.996877 1.06766
65 0.99719 1.08014
66 0.99747 1.08926
67 0.997723 1.04243
68 0.997951 1.01956
69 0.998156 1.01542
70 0.99834 0.972198
71 0.998507 1.07419
72 0.998656 1.03829
73 0.99879 1.05841
74 0.998911 1.05541
75 0.99902 0.98067
76 0.999119 1.02651
77 0.999206 1.03308
78 0.999286 1.08253
79 0.999357 1.08616
80 0.999421 1.02368
81 0.999479 0.991218
82 0.999531 1.05778
83 0.999579 1.01405
84 0.99962 1.07375
85 0.999659 0.997998
86 0.999693 1.04612
87 0.999723 1.123
88 0.999751 1.00173
89 0.999776 1.02937
90 0.999799 1.02332
91 0.999819 1.01084
92 0.999837 1.04237
93 0.999853 1.03663
94 0.999867 1.07008
95 0.999881 1.01628
96 0.999893 1.02302
97 0.999903 0.992298
98 0.999913 1.1063
99 0.999921 1.04113
100 1.35717 1.63231
101 1.38579 1.67377
102 1.34917 1.70124
103 1.20688 1.34489
104 1.34852 1.52836
105 1.28039 1.52684
106 1.27179 1.46039
107 1.23633 1.35233
108 1.21977 1.41557
109 1.17364 1.44301
110 1.18435 1.34773
111 1.0883 1.3406
112 1.13857 1.40479
113 1.00839 1.12484
114 1.08232 1.25532
115 0.710657 1.22867
116 0.683336 1.10985
117 0.824884 1.24196
118 1.09877 1.55496
119 1.09067 1.39192
120 1.12556 1.45662
121 1.00065 1.38698
122 0.738563 1.35153
123 1.04599 1.51402
124 1.10105 1.55589
125 0.982736 1.56997
126 0.865997 1.50079
127 0.869194 1.52526
128 0.663216 1.6352
129 1.02949 1.91821
130 0.95607 1.82179
131 0.8591 1.75747
132 0.971244 1.85987
133 1.0265 2.12201
134 0.824374 1.89566
135 0.893754 2.15096
136 0.730793 2.07565
137 1.10092 2.5581
138 0.971616 2.23798
139 0.781179 1.98814
140 0.769134 2.36855
141 0.784993 2.67927
142 1.11831 3.15389
143 0.698306 2.83393
144 0.9856 3.06781
145 0.807059 3.40881
146 0.895453 3.78595
147 1.08203 1.1857
148 0.944399 1.15467
149 1.06254 1.18674
150 0.950327 1.10355
151 0.990134 1.09971
152 0.978966 1.11281
153 0.962579 1.11382
154 0.939886 1.10349
155 0.94806 1.19476
156 0.979963 1.12652
157 1.06064 1.13546
158 1.0598 1.19099
159 0.985677 1.0795
160 0.948911 1.06595
161 1.00368 1.1354
162 0.95811 1.13124
163 0.984337 1.12013
164 0.998793 1.12114
165 0.999123 1.12105
166 0.980359 1.12171
167 0.993666 1.07731
168 0.985611 1.05079
169 1.0488 1.12742
170 1.02581 1.05938
171 1.01662 1.12329
172 0.999744 1.07545
173 1.00386 1.13132
174 0.980033 1.0799
175 0.991261 1.00917
176 0.996887 1.06055
177 0.98864 1.08649
178 0.986494 1.11076
179 0.989019 1.11602
180 0.996633 1.057
181 0.992867 1.02076
182 0.995109 1.09051
183 0.998019 1.03183
184 1.01964 1.08907
185 0.997381 0.990894
186 0.996571 1.03787
187 0.99686 1.11438
188 0.997171 0.994278
189 0.997454 1.02193
190 0.997709 1.01612
191 0.997939 1.0039
192 0.998144 1.03538
193 0.99833 1.02982
194 0.998497 1.06319
195 0.998647 1.00985
196 0.998783 1.01665
197 0.998904 0.986214
198 0.999014 1.09961
199 0.999113 1.0349
200 0.999201 1.03928
201 0.999281 1.07395
202 0.999353 1.03198
203 0.999417 1.02838
204 0.999476 0.991206
205 0.999529 0.994362
206 0.999576 0.972072
207 0.999619 1.04368
208 0.999656 0.98673
209 0.99969 1.037
210 0.999721 1.00961
211 0.99975 1.03547
212 0.999774 1.02327
213 0.999797 1.04095
214 0.999817 1.0611
215 0.999836 1.01751
216 0.999851 1.01883
217 0.999867 1.0258
218 0.99988 1.04053
219 0.999891 1.00642
220 0.999903 1.01448
221 0.999913 1.02212
222 0.999921 1.01857
223 0.999929 1.10732
224 0.999936 1.08517
225 0.999943 1.03954
226 0.999949 1.06027
227 0.999953 1.03695
228 0.999959 0.982614
229 0.999963 1.04193
230 0.999966 1.01958
231 0.99997 1.02033
232 0.999973 1.11301
233 0.999976 1.06192
234 0.999977 1.07323
235 0.99998 1.08415
236 0.999981 1.03471
237 0.999984 1.01939
238 0.999986 0.986664
239 0.999987 0.984432
240 0.999989 0.97806
241 0.99999 1.10286
242 0.99999 1.07291
243 0.999991 1.05871
244 0.999993 1.03568
245 0.999993 1.00187
246 0.999994 1.06682
247 0.999994 1.01721
248 0.999994 1.03687
249 0.999996 0.991206
250 0.999996 1.00007
251 0.999996 1.0165
252 0.999997 1.03256
253 0.999997 1.08784
254 0.999997 0.99909
255 0.999997 1.04905
256 0.999997 0.95475
257 0.999999 1.00952
258 0.999999 1.05614
259 0.999999 0.990594
260 0.999999 1.07699
261 0.999999 1.06869
262 0.999999 1.04211
263 0.999999 0.992988
264 0.999999 0.949644
265 0.999999 1.03178
266 0.999999 1.06455
267 1 1.04662
268 1 1.09481
269 1 1.04981
270 1 0.975774
271 1 1.04133
272 1 0.971598
273 1 1.03494
274 1 1.0343
275 1 1.04727
276 1 1.06268
277 1 1.0201
278 1 1.03057
279 1 1.05355
280 1 1.02887
281 1 1.03889
282 1 1.04714
283 1 1.04398
284 1 1.03317
285 1 1.06048
286 1 1.08125
287 1 1.05158
288 1 1.01723
289 1 1.03898
290 1 0.991986
291 1 1.03653
292 1 1.03622
293 1 1.02945
294 1 1.05254
295 1 1.00054
296 1 1.09714
297 1 0.98898
298 1 1.08439
299 1 0.954486
300 1 1.01965
301 1 1.02747
302 1 1.05967
303 1 0.997134
304 1 1.07162
305 1 1.0133
306 1 1.0092
307 1 1.06545
308 1 1.06975
309 1 1.04841
310 1 0.981882
311 1 1.04604
312 1 1.01437
313 1 0.941496
314 1 1.01843
315 1 0.981186
316 1 1.07504
317 1 1.0003
318 1 1.05374
319 1 1.04657
320 1 1.00943
321 1 1.04042
322 1 0.961182
323 1 1.04415
324 1 1.04708
325 1 1.05247
326 1 1.02067
327 1 1.03208
328 1 1.04874
329 1 1.05902
330 1 1.00978
331 1 1.0684
332 1 1.06484
333 1 1.0721
334 1 0.994032
335 1 0.96411
336 1 1.02716
337 1 0.999798
338 1 1.02132
339 1 1.00652
340 1 1.0528
341 1 1.08061
342 1 1.04123
343 1 1.05756
344 1 1.06429
345 1 1.04676
346 1 1.09938
347 1 1.0172
348 1 1.01144
349 1 1.06303
350 1 1.09976
351 1 1.03756
352 1 1.03586
353 1 0.988284
354 1 0.958422
355 1 1.04948
356 1 1.01893
357 1 0.995268
358 1 1.06457
359 1 1.06619
360 1 1.03642
361 1 1.03054
362 1 1.05192
363 1 1.01803
364 1 1.06326
365 1 0.961776
366 1 0.995874
367 1 1.05475
368 1 1.03778
369 1 1.01526
370 1 1.05544
371 1 1.01432
372 1 1.01736
373 1 1.02544
374 1 1.01133
375 1 1.06202
376 1 1.03517
377 1 0.99594
378 1 0.99774
379 1 1.03592
380 1 1.05994
381 1 1.04764
382 1 1.00389
383 1 1.03229
384 1 1.07909
385 1 1.0229
386 1 1.03001
387 1 1.07669
388 1 1.07875
389 1 1.1111
390 1 1.00059
391 1 1.05269
392 1 1.03602
393 1 1.04213
394 1 1.04976
395 1 1.01726
396 1 1.04809
397 1 1.09444
398 1 1.00772
399 1 1.08143
400 1 1.0571
401 1 1.09749
402 1 1.05613
403 1 1.05614
404 1 1.04772
405 1 1.01215
406 1 1.02387
407 1 0.982182
408 1 1.0265
409 1 1.04726
410 1 1.04804
411 1 1.00514
412 1 1.00228
413 1 1.02541
414 1 0.978948
415 1 1.04007
416 1 1.00093
417 1 0.998172
418 1 1.06888
419 1 0.979578
420 1 1.05336
421 1 1.08561
422 1 0.979494
423 1 1.07227
424 1 1.02382
425 1 1.07515
426 1 1.03603
427 1 1.03416
428 1 0.999588
429 1 1.02056
430 1 1.03619
431 1 1.08144
432 1 1.04595
433 1 1.03556
434 1 1.05392
435 1 1.04774
436 1 1.02641
437 1 0.996966
438 1 1.08151
439 1 1.04254
440 1 1.06717
441 1 1.07692
442 1 1.05051
443 1 1.04201
444 1 1.00873
445 1 1.00473
446 1 1.03606
447 1 0.982692
448 1 0.998466
449 1 1.04357
450 1 1.03555
451 1 1.0574
452 1 1.00651
453 1 1.09543
454 1 1.04533
455 1 1.04916
456 1 1.04039
457 1 1.00222
458 1 1.05081
459 1 1.08783
460 1 1.0214
461 1 1.0564
462 1 1.0417
463 1 1.10976
464 1 1.03769
465 1 1.05909
466 1 1.00056
467 1 1.0184
468 1 1.09624
469 1 0.993384
470 1 1.01066
471 1 1.08839
472 1 1.05391
473 1 1.04629
474 1 0.981132
475 1 1.02388
476 1 0.987336
477 1 1.00645
478 1 1.03469
479 1 1.07855
480 1 0.958566
481 1 1.07385
482 1 1.0428
483 1 1.02481
484 1 1.07525
485 1 1.00534
486 1 0.982248
487 1 1.07429
488 1 1.02632
489 1 1.02269
490 1 1.10626
491 1 1.07699
492 1 0.975342
493 1 1.02049
494 1 0.997986
495 1 1.04739
496 1 1.01851
497 1 1.07162
498 1 1.01218
499 1 1.09734
