0 0.574591 1.64182
1 0.78843 1.3262
2 1.17529 2.24555
3 0.905519 1.47645
4 1.16683 1.82405
5 0.672026 1.19119
6 1.17532 2.16805
7 0.906419 1.43642
8 1.16676 1.90975
9 0.670231 1.2251
10 1.17532 2.14609
11 0.906419 1.46293
12 1.16676 1.928
13 0.670231 1.16701
14 1.17532 2.06393
15 0.906419 1.52737
16 1.16676 1.84024
17 0.670231 1.09085
18 1.17532 2.24611
19 0.906419 1.40006
20 1.16676 1.77539
21 0.670231 1.11699
22 1.17532 2.1859
23 0.906419 1.45008
24 1.16676 1.79093
25 0.670231 1.17459
26 1.17532 2.1011
27 0.906419 1.44239
28 1.16676 1.9247
29 0.670231 1.21619
30 1.17532 2.10905
31 0.906419 1.44799
32 1.16676 1.78052
33 0.670231 1.19717
34 1.17532 2.11117
35 0.906419 1.56299
36 1.16676 1.82136
37 0.670231 1.19947
38 1.17532 2.05267
39 0.906419 1.47669
40 1.16676 1.75916
41 0.670231 1.18763
42 1.17532 2.11214
43 0.906419 1.44514
44 1.16676 1.74976
45 0.670231 1.16072
46 1.17532 2.07718
47 0.906419 1.46891
48 1.16676 1.9181
49 0.670231 1.18186
50 1.17532 2.13685
51 0.906419 1.44329
52 1.16676 1.84442
53 0.670231 1.17617
54 1.17532 2.06873
55 0.906419 1.51878
56 1.16676 1.85453
57 0.670231 1.13443
58 1.17532 2.16814
59 0.906419 1.41744
60 1.16676 1.74677
61 0.670231 1.17266
62 1.17532 2.14573
63 0.906419 1.46773
64 1.16676 1.89928
65 0.670231 1.21948
66 1.17532 2.24143
67 0.906419 1.47574
68 1.16676 1.81085
69 0.670231 1.14478
70 1.17532 1.998
71 0.906419 1.51895
72 1.16676 1.84221
73 0.670231 1.19215
74 1.17532 2.16719
75 0.906419 1.38566
76 1.16676 1.82008
77 0.670231 1.1629
78 1.17532 2.22166
79 0.906419 1.53397
80 1.16676 1.81424
81 0.670231 1.11533
82 1.17532 2.17007
83 0.906419 1.43167
84 1.16676 1.90244
85 0.670231 1.12267
86 1.17532 2.14565
87 0.906419 1.58514
88 1.16676 1.77449
89 0.670231 1.15775
90 1.17532 2.09857
91 0.906419 1.42663
92 1.16676 1.84625
93 0.670231 1.16579
94 1.17532 2.19424
95 0.906419 1.43417
96 1.16676 1.81183
97 0.670231 1.11586
98 1.17532 2.26837
99 0.906419 1.46915
100 1.02293 2.44195
101 0.970546 2.32289
102 1.03783 2.64447
103 0.951423 2.26813
104 1.06238 2.55501
105 0.919886 2.19471
106 1.10289 2.74876
107 0.867871 1.96153
108 1.16968 3.00941
109 0.782086 1.83192
110 1.18715 3.28308
111 0.852356 1.95168
112 1.18961 3.10025
113 0.756497 1.66904
114 1.17865 3.26581
115 0.904647 2.19964
116 1.12246 2.75942
117 0.842739 1.79955
118 1.20196 3.15834
119 0.740637 1.55059
120 1.17337 3.31934
121 0.937057 2.11081
122 1.08083 2.7041
123 0.896193 2.06347
124 1.13331 2.71691
125 0.828796 1.89602
126 1.20268 3.01277
127 0.756903 1.64506
128 1.17878 3.5241
129 0.903817 2.19539
130 1.12352 2.73471
131 0.841371 1.8995
132 1.20372 2.90367
133 0.738381 1.65699
134 1.17262 3.41908
135 0.941667 2.36829
136 1.07491 2.59117
137 0.903794 2.16514
138 1.12355 2.66167
139 0.841334 1.93703
140 1.20376 2.86898
141 0.73832 1.64359
142 1.1726 3.42092
143 0.941794 2.19008
144 1.07475 2.48884
145 0.904003 2.09582
146 1.12328 2.69269
147 0.841677 1.92786
148 1.20332 3.12683
149 0.738887 1.63731
150 1.17279 3.45845
151 0.940634 2.18389
152 1.07624 2.62794
153 0.902091 2.11797
154 1.12574 2.68882
155 0.838523 1.98359
156 1.20591 3.03585
157 0.737024 1.56623
158 1.17217 3.51738
159 0.944441 2.15573
160 1.07135 2.47499
161 0.90837 2.1304
162 1.11767 2.76476
163 0.84888 1.94773
164 1.19407 3.06776
165 0.750764 1.72629
166 1.17674 3.57304
167 0.916363 2.16034
168 1.10741 2.67131
169 0.862061 1.94482
170 1.17714 2.74026
171 0.772504 1.78043
172 1.18397 3.30475
173 0.871936 2.05525
174 1.16446 2.93395
175 0.788789 1.66997
176 1.18938 3.1946
177 0.838657 1.90634
178 1.20596 3.14066
179 0.73675 1.68679
180 1.17208 3.40876
181 0.945003 2.13023
182 1.07063 2.65363
183 0.909296 2.07531
184 1.11648 2.83432
185 0.850407 1.87396
186 1.19211 2.9876
187 0.753283 1.79622
188 1.17758 3.26434
189 0.911216 2.11171
190 1.11402 2.69329
191 0.853573 1.90678
192 1.18805 2.96412
193 0.758504 1.67325
194 1.17931 3.46297
195 0.900547 2.05349
196 1.12772 2.73223
197 0.835976 1.8216
198 1.20506 3.21917
199 0.742229 1.63185
200 1.1739 3.4546
201 0.933806 2.28544
202 1.08501 2.64514
203 0.890829 2.06098
204 1.1402 2.69783
205 0.819949 1.78977
206 1.19974 2.91033
207 0.774983 1.74334
208 1.18479 3.14182
209 0.866871 2.00629
210 1.17097 2.8367
211 0.780439 1.74567
212 1.1866 3.23419
213 0.855724 1.98035
214 1.18528 3.02483
215 0.762053 1.66144
216 1.18049 3.2992
217 0.893296 2.06228
218 1.13703 2.82158
219 0.824017 1.82266
220 1.20109 3.01895
221 0.766669 1.68242
222 1.18203 3.27826
223 0.883863 2.19601
224 1.14915 2.98028
225 0.808461 1.83604
226 1.19592 3.22489
227 0.798457 1.80161
228 1.19259 3.03026
229 0.8189 1.87152
230 1.19939 3.05604
231 0.777126 1.7101
232 1.1855 3.53281
233 0.862491 2.04059
234 1.17659 3.03214
235 0.773214 1.80483
236 1.1842 3.30138
237 0.870484 1.98228
238 1.16633 2.75841
239 0.786397 1.67616
240 1.18858 3.06605
241 0.843547 2.05912
242 1.20092 3.1063
243 0.74197 1.6673
244 1.17382 3.44136
245 0.934336 2.13225
246 1.08433 2.73083
247 0.891703 2.04013
248 1.13908 2.81748
249 0.821391 1.78747
250 1.20022 2.98693
251 0.772033 1.68875
252 1.18381 3.29963
253 0.8729 2.12293
254 1.16323 2.78421
255 0.79038 1.79819
256 1.18991 2.97686
257 0.835406 1.86119
258 1.20488 3.09178
259 0.743394 1.56409
260 1.17429 3.57212
261 0.931423 2.26549
262 1.08807 2.67877
263 0.8869 1.97782
264 1.14525 2.59729
265 0.813469 1.83712
266 1.19758 3.21521
267 0.788224 1.78753
268 1.18919 3.42355
269 0.839813 1.94878
270 1.20572 2.83852
271 0.735811 1.62148
272 1.17177 3.25373
273 0.94692 2.24008
274 1.06817 2.59949
275 0.912457 2.16293
276 1.11242 2.8061
277 0.85562 1.94002
278 1.18542 2.93771
279 0.761883 1.71952
280 1.18043 3.33201
281 0.893643 2.0894
282 1.13659 2.83786
283 0.824591 1.89224
284 1.20128 3.07181
285 0.765494 1.74184
286 1.18164 3.48515
287 0.886261 2.09258
288 1.14607 2.78456
289 0.812416 1.84678
290 1.19723 3.00047
291 0.790376 1.77671
292 1.18991 3.2309
293 0.835416 1.89796
294 1.20488 3.08118
295 0.743376 1.57972
296 1.17428 3.63902
297 0.931461 2.09662
298 1.08802 2.78729
299 0.886964 1.9013
300 1.14516 2.7885
301 0.813576 1.82976
302 1.19762 3.19999
303 0.788007 1.70239
304 1.18912 3.35201
305 0.840257 1.8823
306 1.20515 2.9341
307 0.736543 1.66127
308 1.17201 3.57912
309 0.945424 2.26472
310 1.07009 2.47316
311 0.909991 2.15297
312 1.11559 2.68777
313 0.851553 1.77951
314 1.19064 2.91841
315 0.755173 1.58247
316 1.1782 3.51208
317 0.907353 2.05124
318 1.11898 2.80237
319 0.847201 1.96502
320 1.19623 2.90887
321 0.747999 1.65653
322 1.17582 3.16929
323 0.922016 2.1852
324 1.10015 2.72794
325 0.871384 2.04931
326 1.16517 2.85007
327 0.787881 1.76168
328 1.18908 3.281
329 0.840513 1.96802
330 1.20482 2.93483
331 0.736966 1.66717
332 1.17215 3.56078
333 0.94456 2.31324
334 1.0712 2.50694
335 0.908566 1.98039
336 1.11742 2.72707
337 0.849203 1.88294
338 1.19366 2.93558
339 0.751297 1.61211
340 1.17692 3.45665
341 0.915274 2.24055
342 1.10881 2.73864
343 0.860266 2.0254
344 1.17945 3.01558
345 0.769544 1.73151
346 1.18298 3.52473
347 0.877986 1.99996
348 1.1567 2.79962
349 0.798767 1.84778
350 1.1927 3.38996
351 0.818267 1.86173
352 1.19918 3.10753
353 0.778419 1.66001
354 1.18593 3.03681
355 0.85985 2.00867
356 1.17998 2.88862
357 0.768859 1.64437
358 1.18275 3.4162
359 0.879387 2.10058
360 1.1549 2.8634
361 0.801079 1.79817
362 1.19346 3.23221
363 0.813543 1.81285
364 1.19761 3.21097
365 0.788071 1.6422
366 1.18914 3.1148
367 0.840124 1.95889
368 1.20532 3.01769
369 0.736326 1.58238
370 1.17194 3.53221
371 0.945869 2.19239
372 1.06952 2.56085
373 0.910723 2.11272
374 1.11465 2.67698
375 0.852761 2.01101
376 1.18909 2.96176
377 0.757166 1.61198
378 1.17887 3.25112
379 0.903281 2.11215
380 1.12421 2.83479
381 0.840487 1.94678
382 1.20485 2.91781
383 0.736923 1.61071
384 1.17214 3.60862
385 0.944649 2.20735
386 1.07108 2.59732
387 0.908711 2.2121
388 1.11724 2.86346
389 0.849441 2.09333
390 1.19335 2.8751
391 0.751693 1.68725
392 1.17705 3.39985
393 0.914467 2.15835
394 1.10984 2.76419
395 0.858934 1.94431
396 1.18116 2.97483
397 0.767347 1.80347
398 1.18225 3.24022
399 0.882474 2.14021
400 1.15093 2.90846
401 0.806171 1.93108
402 1.19516 3.22238
403 0.803136 1.8491
404 1.19415 3.21017
405 0.80934 1.79014
406 1.19621 3.11023
407 0.796663 1.70131
408 1.192 3.17328
409 0.822569 1.89211
410 1.20061 3.12497
411 0.769627 1.6629
412 1.18301 3.21304
413 0.877816 2.0156
414 1.15691 2.71029
415 0.798487 1.80705
416 1.1926 3.08649
417 0.81884 1.7927
418 1.19937 3.204
419 0.777249 1.6421
420 1.18554 3.34285
421 0.862241 2.08528
422 1.17691 2.76817
423 0.772801 1.78375
424 1.18406 3.26837
425 0.871329 2.09329
426 1.16524 2.89314
427 0.787789 1.76495
428 1.18905 3.12761
429 0.840701 1.8971
430 1.20458 3.01087
431 0.737277 1.68849
432 1.17226 3.49624
433 0.943924 2.2325
434 1.07201 2.66044
435 0.907517 2.14901
436 1.11877 2.72908
437 0.847474 1.87266
438 1.19588 3.11547
439 0.748446 1.66125
440 1.17597 3.51674
441 0.9211 2.25095
442 1.10133 2.74042
443 0.869874 2.02441
444 1.16711 2.82233
445 0.78539 1.70779
446 1.18825 3.25223
447 0.845603 1.84055
448 1.19828 2.88316
449 0.74536 1.65362
450 1.17494 3.42603
451 0.927406 2.22933
452 1.09323 2.60219
453 0.880274 2.16097
454 1.15376 2.88458
455 0.802543 1.83508
456 1.19395 3.19033
457 0.810553 1.77608
458 1.19661 3.18667
459 0.794184 1.87655
460 1.19117 3.16822
461 0.827633 1.92398
462 1.20229 3.08375
463 0.75928 1.80295
464 1.17957 3.37201
465 0.898961 2.14622
466 1.12976 2.69197
467 0.833361 1.87157
468 1.2042 3.21864
469 0.747571 1.58042
470 1.17568 3.33423
471 0.922887 2.28053
472 1.09903 2.74232
473 0.872823 2.0416
474 1.16333 2.73443
475 0.790253 1.75465
476 1.18987 3.07899
477 0.835667 1.85629
478 1.20496 3.02782
479 0.74286 1.70131
480 1.17411 3.18149
481 0.932516 2.2798
482 1.08666 2.67633
483 0.888703 2.04652
484 1.14293 2.93368
485 0.816443 1.79864
486 1.19857 2.95427
487 0.782147 1.816
488 1.18717 3.23577
489 0.85223 1.93498
490 1.18977 3.16733
491 0.756291 1.74046
492 1.17858 3.18173
493 0.905067 2.08593
494 1.12191 2.66252
495 0.843433 1.9552
496 1.20107 2.9492
497 0.741783 1.68705
498 1.17375 3.36404
499 0.934717 2.33662
