BACKPROP 1 1 1 1 1
BFS 1 1 1 1 0.939846
BLACKSCHOLES_10M 0.856015 1 0.856012 1 1
BODYTRACK 0.919249 1 0.7991 1 0.924689
FACESIM 0.849993 1 1 1 0.881439
FERRET 0.830334 1 0.821293 1 0.934551
HEARTWALL 0.804758 1 0.804753 1 0.920347
HOTSPOT 1 1 1 1 0.992677
JACOBI 0.805803 0.542851 0.610464 0.580041 0.475994
KMEANS 0.864853 1 0.86485 1 0.99396
KMEANSNF 0.440587 0.595107 0.440587 0.617732 0.741973
LAVAMD 1 1 1 1 0.92621
LEUKOCYTE 0.750647 0.885039 0.884995 0.933576 1
LUD 0.118104 0.931687 0.118104 0.980745 0.691307
NW 1 1 1 1 0.99713
SHA 0.802887 1 0.802881 1 0.917996
SRAD 1 0.919923 0.422097 0.959128 0.977205
STREAM 1 0.778673 1 0.808147 0.77748
STREAM_threads 1 0.414131 1 0.414478 0.597696
X264_ducks 0.856781 0.962546 0.856777 1 1
X264_native 0.871894 1 0.874863 1 0.992698
AVERAGE 0.846281 0.906188 0.816989 0.918755 0.889676
