BACKPROP 0.947016 0.939019 1 0.895998 0.933207
BFS 0.972598 1 1 0.875905 0.964637
BLACKSCHOLES_10M 0.461148 0.471763 1 0.766148 0.712338
BODYTRACK 0.96614 1 1 0.934086 0.963161
FACESIM 1 1 1 0.793016 0.902367
FERRET 1 1 1 0.880906 0.965748
HEARTWALL 0.850539 0.874026 0.855385 0.92703 0.898097
HOTSPOT 1 0.989804 1 0.899269 0.967774
JACOBI 0.863736 0.971282 0.971282 0.591846 0.910355
KMEANS 1 1 1 0.899004 0.963303
KMEANSNF 0.598042 0.75445 0.598047 0.93089 0.907659
LAVAMD 0.299946 0.407564 0.798778 0.652952 0.693578
LEUKOCYTE 0.981117 0.981117 0.981121 0.617922 0.935257
LUD 0.934584 0.966246 0.907397 0.939155 0.857617
NW 1 1 1 0.861271 0.929418
SHA 1 1 1 0.947772 0.968684
SRAD 0.689515 0.759955 0.791016 0.766295 0.778233
STREAM 0.991364 0.995835 0.991243 0.592422 0.912156
STREAM_threads 0.864331 0.831319 0.999452 0.463772 0.896637
X264_ducks 1 1 1 1 1
X264_native 1 1 1 0.883563 0.965002
AVERAGE 0.877146 0.902018 0.94732 0.815201 0.905963
