BACKPROP 17.848 11.3044 14.2367 12.7941 11.3079
BFS 14.8734 15.2603 15.2363 16.2762 11.2836
BLACKSCHOLES_10M 14.382 12.6081 14.3843 14.1601 13.7704
BODYTRACK 8.20812 14.0416 11.262 15.5173 12.8688
FACESIM 8.92892 12.5523 12.5751 14.0604 12.6769
FERRET 15.329 11.5444 16.2747 13.6503 15.7393
HEARTWALL 13.2402 10.9912 13.2436 13.1948 14.1543
HOTSPOT 16.9184 17.5991 17.7355 18.075 10.6828
JACOBI 15.7588 9.04342 9.11325 12.2739 10.9645
KMEANS 15.8354 13.519 15.8374 14.8591 15.6241
KMEANSNF 22.4766 18.4239 22.4766 18.0242 16.833
LAVAMD 27.1514 11.2517 14.6157 12.4683 11.1611
LEUKOCYTE 11.696 8.54925 8.56572 11.6393 10.3814
LUD 84.3471 8.63952 84.3471 11.9977 30.4371
NW 12.3736 12.8686 12.8616 14.1114 9.99874
SHA 10.7827 14.6378 10.7864 15.7846 12.2968
SRAD 14.6019 8.76068 19.2569 11.6958 10.7006
STREAM 31.7955 15.5959 17.6824 21.6829 18.4343
STREAM_threads 59.6817 21.9791 12.0877 21.9695 18.439
X264_ducks 28.9536 22.8175 28.9547 26.5243 24.6139
X264_native 15.5887 10.7094 15.3116 12.9997 15.2888
AVERAGE 21.9415 13.4618 18.4212 15.4171 14.6503
