BACKPROP 28.9817 8.39262 9.09325 4.54613 3.76321
BFS 12.123 22.6934 16.9057 6.22103 4.40181
BLACKSCHOLES_10M 9.73375 25.9846 13.6249 4.24779 4.39818
BODYTRACK 6.95065 25.4228 13.5937 8.14536 3.69314
FACESIM 8.52058 9.65466 8.53203 9.48019 3.74146
FERRET 4.76999 19.9005 10.1611 11.8398 4.85631
HEARTWALL 8.16204 22.1573 11.3298 5.29917 4.15302
HOTSPOT 12.9154 28.0919 28.0919 7.4251 4.68095
JACOBI 64.0309 0.23053 5.92408 12.9419 3.69247
KMEANS 4.33946 24.5619 12.927 8.50265 5.28093
KMEANSNF 7.61119 11.577 3.91419 12.2232 7.12725
LAVAMD 22.4896 16.0413 16.0277 3.32953 3.55425
LEUKOCYTE 12.9369 11.9572 12.0157 10.4649 4.31348
LUD 79.8749 15.0329 0.332757 8.82711 24.2266
NW 15.264 14.025 12.2358 6.59429 3.61093
SHA 11.9009 30.5514 16.7375 8.60292 4.04692
SRAD 17.0131 9.30381 11.3527 12.9483 4.31702
STREAM 16.7245 7.11183 9.0836 23.6612 10.1724
STREAM_threads 47.8494 0.744113 8.80423 11.4118 8.98237
X264_ducks 18.8416 29.24 22.7579 26.5138 16.8418
X264_native 4.49857 19.4687 10.0332 9.91505 4.9458
AVERAGE 19.7872 16.7687 12.0704 10.1496 6.41906
