BACKPROP 0.594797 0.943929 1 0.848506 0.869692
BFS 0.962081 1 1 0.968392 0.904326
BLACKSCHOLES_10M 0.817906 0.952341 0.854908 0.846909 0.748134
BODYTRACK 0.655776 1 1 0.921553 0.901536
FACESIM 0.818943 1 1 0.848105 0.890714
FERRET 0.871575 1 1 0.9313 0.926472
HEARTWALL 0.867519 0.989875 0.867522 0.861542 0.856945
HOTSPOT 0.978913 0.849244 0.977856 0.805043 0.836934
JACOBI 0.941493 0.859159 0.98217 0.744392 0.892069
KMEANS 0.684992 1 1 0.943455 0.910024
KMEANSNF 0.542692 1 0.949725 0.940981 0.833329
LAVAMD 0.52962 0.900071 0.792567 0.670651 0.653412
LEUKOCYTE 0.903461 1 1 0.920671 0.892514
LUD 0.702321 0.829499 0.997883 0.987655 0.829766
NW 0.732725 0.970482 0.868469 0.852097 0.837378
SHA 0.688791 1 1 0.931609 0.906108
SRAD 0.685275 0.440822 0.482884 0.756918 0.680557
STREAM 1 0.334201 0.37997 0.571167 0.857367
STREAM_threads 0.893882 0.760141 1 0.612633 0.894675
X264_ducks 0.965786 1 1 0.8987 0.945255
X264_native 0.874365 1 1 0.933499 0.917836
AVERAGE 0.795853 0.896655 0.912093 0.847418 0.856431
