BACKPROP 3.5744 6.17796 8.20202 3.66617 4.30001
BFS 3.77562 26.2584 11.6809 4.91474 4.36309
BLACKSCHOLES_10M 10.1046 34.8309 4.06656 3.48334 3.85136
BODYTRACK 15.5479 33.2505 23.791 9.37699 3.53755
FACESIM 13.9024 8.22698 8.32231 12.8459 3.8842
FERRET 5.96785 27.7858 10.5916 14.0288 3.4556
HEARTWALL 13.3505 31.2473 12.9436 4.33454 3.9035
HOTSPOT 15.5607 31.4633 15.5023 5.1969 4.79976
JACOBI 50.1503 0.123268 0.119893 17.2485 4.06133
KMEANS 4.81364 32.2915 14.1578 12.5372 3.62128
KMEANSNF 21.6131 19.3539 21.6118 6.74489 4.53019
LAVAMD 40.5568 2.33708 0.299695 3.21014 3.71803
LEUKOCYTE 0.336988 0.336988 0.339429 7.47346 3.95676
LUD 24.3178 26.3867 0.680888 6.20207 6.09991
NW 14.4123 14.9118 8.42946 6.05114 3.52359
SHA 14.6425 37.5935 29.5444 8.83388 3.90466
SRAD 18.8279 26.6859 0.200775 15.4416 4.20302
STREAM 3.94222 1.12615 3.92409 25.6619 7.6464
STREAM_threads 26.9901 0.130669 0.178874 9.86309 5.85503
X264_ducks 23.4366 36.3476 23.1955 9.22531 4.19209
X264_native 10.0624 25.9012 10.0591 11.5496 3.69498
AVERAGE 15.9946 20.1318 9.89724 9.42334 4.33821
