BACKPROP 1 1 1 1 1
BFS 1 1 1 1 0.936836
BLACKSCHOLES_10M 0.971243 1 0.995345 0.947363 0.93498
BODYTRACK 1 1 1 1 0.900414
FACESIM 1 1 1 0.914281 0.870438
FERRET 1 1 1 0.94674 0.873186
HEARTWALL 1 1 1 0.99797 0.892907
HOTSPOT 1 1 1 1 0.965878
JACOBI 0.926268 0.775336 1 0.547598 0.632801
KMEANS 1 1 1 1 0.861182
KMEANSNF 0.604801 1 0.964538 0.681663 0.683016
LAVAMD 1 1 1 0.936488 0.899549
LEUKOCYTE 1 0.902152 0.90267 0.673424 0.820374
LUD 0.103765 1 0.802892 0.953036 0.598011
NW 1 1 1 1 0.980637
SHA 1 1 1 1 0.90382
SRAD 0.949444 1 0.959383 0.844147 0.889355
STREAM 1 1 1 0.738572 0.741926
STREAM_threads 0.911316 0.636205 1 0.386555 0.499698
X264_ducks 1 1 1 0.964786 1
X264_native 1 1 1 0.961925 0.898342
AVERAGE 0.926992 0.967319 0.982135 0.880693 0.846826
