BACKPROP 0.688277 0.967798 1 0.885938 0.895066
BFS 0.950929 1 1 0.97587 0.921954
BLACKSCHOLES_10M 0.629497 0.977956 0.908497 0.891833 0.754506
BODYTRACK 0.567161 0.988396 0.988396 0.902596 0.864097
FACESIM 0.78463 0.934997 0.935007 0.835045 0.863944
FERRET 0.733762 0.92006 0.920065 0.815784 0.820795
HEARTWALL 0.675553 0.941316 0.852654 0.840603 0.815632
HOTSPOT 0.906157 0.875602 0.989501 0.841628 0.908488
JACOBI 0.977618 0.90622 0.998664 0.837183 0.906485
KMEANS 0.735222 0.984857 0.984883 0.898435 0.851507
KMEANSNF 0.603351 0.869221 0.964767 0.947384 0.803619
LAVAMD 0.819955 0.986243 0.894668 0.792073 0.758457
LEUKOCYTE 0.591022 1 1 0.927664 0.882248
LUD 0.555544 0.750325 1 0.987869 0.693101
NW 0.880597 0.875037 0.807253 0.794065 0.789723
SHA 0.850083 0.979247 0.979293 0.909461 0.862257
SRAD 0.745461 0.535052 0.570173 0.802397 0.534923
STREAM 1 0.448612 0.50783 0.448869 0.736977
STREAM_threads 0.933692 0.827777 1 0.736032 0.905927
X264_ducks 0.557745 0.935221 0.935256 0.824105 0.869094
X264_native 0.53397 0.928379 0.928419 0.83145 0.853346
AVERAGE 0.748582 0.887253 0.912635 0.844109 0.823436
