0 0.58422 1.4856
1 0.9947 2.56532
2 0.993977 2.57659
3 1.12404 2.64447
4 0.84073 2.25442
5 0.914769 2.63337
6 1.04993 2.80975
7 1.11251 2.72699
8 0.93093 2.40507
9 0.949157 2.56349
10 0.949091 2.67452
11 1.03227 2.80235
12 1.09869 2.75972
13 0.997563 2.50184
14 1.0014 2.50877
15 1.02984 2.51772
16 0.844391 2.37437
17 1.09352 2.81897
18 1.04253 2.5934
19 0.948596 2.46102
20 1.05587 2.61836
21 0.973651 2.46186
22 0.954946 2.51145
23 1.07025 2.65831
24 0.790593 2.38713
25 1.12241 2.84015
26 0.902944 2.48061
27 1.00981 2.73754
28 0.949146 2.69063
29 1.13067 2.8436
30 0.890174 2.4572
31 1.08709 2.77982
32 0.909557 2.51502
33 1.13674 2.80798
34 1.00656 2.4549
35 0.894034 2.39308
36 0.919637 2.63526
37 1.02867 2.80084
38 1.07711 2.75853
39 1.06556 2.5854
40 0.977223 2.40522
41 0.86124 2.40592
42 1.07658 2.79952
43 1.06402 2.62708
44 0.913553 2.42399
45 0.973131 2.6378
46 1.04873 2.72824
47 0.883044 2.55214
48 1.08082 2.8227
49 0.967049 2.59841
50 0.902886 2.64343
51 1.11008 2.83498
52 1.00861 2.55205
53 0.869654 2.47471
54 1.02853 2.80078
55 1.00083 2.72683
56 1.07977 2.75815
57 0.981634 2.54274
58 1.04288 2.60861
59 0.844563 2.43146
60 0.946053 2.7662
61 1.01321 2.79436
62 1.0263 2.77098
63 1.06193 2.72849
64 0.884906 2.51879
65 1.06983 2.8181
66 0.979007 2.62745
67 1.03565 2.6971
68 1.07045 2.63392
69 0.803254 2.36754
70 1.06126 2.8145
71 1.05094 2.67638
72 1.04717 2.56365
73 0.9146 2.40486
74 0.958089 2.6096
75 1.07958 2.75217
76 0.910611 2.50735
77 1.12718 2.79355
78 0.890766 2.41648
79 1.00884 2.70469
80 0.993991 2.67915
81 0.80831 2.61429
82 1.04891 2.80933
83 0.99955 2.68177
84 1.03484 2.69757
85 0.954966 2.58792
86 1.06433 2.73222
87 0.977889 2.55543
88 0.929844 2.58349
89 0.990917 2.76244
90 1.06964 2.8153
91 0.913564 2.59762
92 0.903457 2.74834
93 1.12582 2.84158
94 0.888651 2.46712
95 0.981643 2.74948
96 1.03708 2.80437
97 1.00606 2.71035
98 1.08756 2.73133
99 0.85443 2.44205
100 1.06179 2.81473
101 0.954379 2.63464
102 0.957007 2.73545
103 1.10242 2.83176
104 0.868426 2.50972
105 1.02149 2.79783
106 1.15579 2.80723
107 0.897861 2.35871
108 1.03615 2.63986
109 1.01286 2.55117
110 0.774816 2.42278
111 1.07755 2.82134
112 0.946891 2.59706
113 1.02374 2.74536
114 1.02201 2.69278
115 1.06132 2.66124
116 0.905323 2.46172
117 1.09542 2.74837
118 0.933901 2.47213
119 0.961531 2.62808
120 1.0448 2.74709
121 0.97202 2.61867
122 0.973403 2.68036
123 1.08424 2.78499
124 0.957141 2.54764
125 1.07075 2.68898
126 0.959619 2.48782
127 0.987119 2.58753
128 1.01664 2.62808
129 0.989796 2.58045
130 0.980123 2.59865
131 0.928449 2.62033
132 1.09023 2.82665
133 0.958211 2.57414
134 1.04774 2.70302
135 0.959163 2.56155
136 1.07526 2.69952
137 0.92295 2.47114
138 1.04435 2.69043
139 1.01512 2.58135
140 0.945553 2.51904
141 0.980463 2.65262
142 0.96767 2.68992
143 1.06495 2.80139
144 0.957379 2.61434
145 1.08861 2.76255
146 0.869956 2.47708
147 1.04482 2.80761
148 0.977171 2.68129
149 1.13354 2.79679
150 0.909167 2.41093
151 1.07114 2.67736
152 0.903874 2.45167
153 1.13304 2.7579
154 0.978764 2.40278
155 0.948123 2.43614
156 0.951267 2.55067
157 0.969251 2.66467
158 1.05379 2.76733
159 1.08191 2.6617
160 1.00315 2.4499
161 0.878391 2.39036
162 1.10817 2.75251
163 0.886447 2.42309
164 1.0995 2.76063
165 0.956939 2.4835
166 1.03499 2.61033
167 0.854481 2.45792
168 1.15451 2.8536
169 0.886301 2.40351
170 1.0665 2.72756
171 0.968701 2.54127
172 0.953164 2.60307
173 1.0134 2.73068
174 1.03655 2.71114
175 1.00684 2.61884
176 1.04951 2.62187
177 0.934994 2.46558
178 1.07429 2.66609
179 0.814861 2.39463
180 1.10119 2.83125
181 1.06119 2.59356
182 0.902876 2.39334
183 0.965933 2.63193
184 1.15646 2.78634
185 0.854637 2.31784
186 1.09978 2.73833
187 0.90118 2.43696
188 1.08486 2.72997
189 0.908744 2.47062
190 1.01073 2.7128
191 1.04693 2.70459
192 1.00637 2.58508
193 0.922424 2.53583
194 1.12782 2.79154
195 0.916989 2.42387
196 0.990329 2.63595
197 0.982587 2.65382
198 0.97835 2.69008
199 1.06007 2.77168
200 0.931751 2.58656
201 0.980707 2.75626
202 0.97281 2.77742
203 1.10249 2.83179
204 0.96729 2.55121
205 1.02125 2.64532
206 0.97855 2.58096
207 1.03981 2.65355
208 0.959577 2.53288
209 0.92806 2.60789
210 1.04671 2.8084
211 1.10685 2.73164
212 0.972419 2.44195
213 1.00434 2.51556
214 0.969856 2.49155
215 0.893366 2.52513
216 1.04003 2.8056
217 1.05741 2.72545
218 0.995586 2.57413
219 0.937857 2.55946
220 1.20336 2.80669
221 0.84682 2.21292
222 0.950411 2.59087
223 0.977661 2.71066
224 1.01747 2.77617
225 0.99227 2.72743
226 1.06202 2.77359
227 0.990987 2.60832
228 1.07499 2.66332
229 0.902947 2.42722
230 1.07358 2.71088
231 1.04729 2.5393
232 0.899707 2.37388
233 0.955067 2.61613
234 1.07962 2.76659
235 0.924103 2.52736
236 1.03443 2.7395
237 0.974909 2.63929
238 1.08503 2.74035
239 0.920771 2.48562
240 0.940197 2.66684
241 1.13009 2.84336
242 0.958516 2.48727
243 1.07885 2.62846
244 0.881453 2.37323
245 0.941107 2.65721
246 1.02752 2.80036
247 1.07992 2.76222
248 0.933446 2.52614
249 1.03292 2.7133
250 0.978107 2.61839
251 1.09353 2.7147
252 0.823696 2.3969
253 1.02544 2.79949
254 1.03227 2.74676
255 0.91366 2.62644
256 1.00042 2.789
257 1.0641 2.81478
258 1.03543 2.66275
259 1.00885 2.57424
260 0.958774 2.53382
261 0.939556 2.61576
262 0.997004 2.77196
263 0.96963 2.76703
264 1.1624 2.85691
265 0.848147 2.3702
266 1.09351 2.805
267 0.89657 2.518
268 1.1214 2.83836
269 0.877331 2.47064
270 1.09514 2.82871
271 0.944637 2.55771
272 1.03107 2.71496
273 1.01698 2.64119
274 1.02076 2.6057
275 0.978519 2.54262
276 1.06185 2.62458
277 0.891526 2.41783
278 0.94955 2.67917
279 0.963277 2.77342
280 1.18039 2.86445
281 0.889499 2.34841
282 1.0094 2.64009
283 1.04933 2.63638
284 0.949173 2.48656
285 0.888181 2.57186
286 1.15017 2.85178
287 0.869613 2.40594
288 0.976041 2.73553
289 0.944671 2.76562
290 1.06051 2.81419
291 1.08228 2.69119
292 0.944067 2.45347
293 0.983856 2.5923
294 1.01893 2.64229
295 1.01152 2.59785
296 0.959394 2.55076
297 0.997284 2.65536
298 0.972217 2.65076
299 0.942379 2.69894
300 1.07401 2.81985
301 0.926666 2.59629
302 1.12894 2.8414
303 0.939487 2.48029
304 1.1401 2.69676
305 0.82658 2.25895
306 1.01234 2.71581
307 0.981413 2.67588
308 1.02847 2.73624
309 0.946966 2.63981
310 1.16984 2.84919
311 0.858291 2.34741
312 1.03575 2.73151
313 1.05132 2.65999
314 0.850174 2.46326
315 0.925249 2.75748
316 1.03369 2.80294
317 1.03468 2.72977
318 1.14934 2.70224
319 0.796464 2.22765
320 0.920189 2.72438
321 1.05765 2.81299
322 0.970364 2.6504
323 1.01295 2.73303
324 1.07867 2.73234
325 1.01916 2.53564
326 0.961117 2.46937
327 0.925187 2.5391
328 0.978931 2.72512
329 1.03634 2.79525
330 0.964217 2.68558
331 1.05568 2.80215
332 0.986453 2.65145
333 1.04042 2.70371
334 0.949197 2.57708
335 0.993749 2.70677
336 1.03378 2.73723
337 0.912554 2.61252
338 1.04877 2.80927
339 0.985161 2.67601
340 0.95447 2.69555
341 1.13043 2.84351
342 0.841286 2.43709
343 1.07293 2.8194
344 0.983666 2.62261
345 0.937947 2.63908
346 1.08836 2.82587
347 0.996024 2.59415
348 0.816687 2.52737
349 1.05657 2.81254
350 1.05761 2.68943
351 0.956541 2.52117
352 1.10992 2.68055
353 0.838036 2.32611
354 0.951849 2.72781
355 1.01473 2.795
356 0.973587 2.74554
357 1.08982 2.82648
358 0.929123 2.56279
359 1.07296 2.77803
360 1.00531 2.59032
361 1.07482 2.60798
362 0.985626 2.40726
363 0.846137 2.37969
364 1.07094 2.81027
365 1.00601 2.62809
366 0.98743 2.60715
367 1.00821 2.64334
368 0.86339 2.5645
369 0.978471 2.77979
370 1.03665 2.80419
371 0.977601 2.69932
372 1.06877 2.78651
373 0.84543 2.54241
374 1.10924 2.83462
375 1.01147 2.55507
376 0.983321 2.51819
377 0.87083 2.50721
378 1.062 2.81482
379 1.04823 2.67363
380 0.908284 2.50945
381 1.08344 2.78337
382 1.07114 2.5961
383 0.893566 2.36603
384 1.12263 2.69474
385 0.753683 2.27155
386 1.10598 2.83325
387 1.01147 2.56219
388 0.928986 2.50242
389 1.09822 2.72863
390 1.0071 2.47601
391 0.959569 2.44048
392 0.89698 2.50232
393 1.10208 2.81351
394 1.00867 2.55141
395 1.00594 2.53136
396 0.991454 2.51231
397 0.976583 2.52468
398 1.06329 2.61229
399 0.928014 2.4172
400 0.91503 2.56887
401 1.02846 2.80075
402 1.05177 2.74834
403 0.945224 2.59052
404 1.02463 2.74353
405 0.981279 2.67153
406 1.06637 2.74815
407 0.872893 2.52184
408 1.04273 2.80674
409 1.0219 2.70465
410 1.02754 2.65919
411 0.83209 2.51682
412 1.19234 2.86947
413 0.868693 2.31355
414 1.06751 2.68385
415 0.970089 2.49552
416 0.951296 2.55289
417 1.0275 2.69128
418 1.01698 2.62682
419 0.895094 2.53846
420 1.05622 2.81239
421 0.976477 2.65609
422 1.01273 2.7227
423 0.968519 2.67633
424 1.1206 2.80893
425 0.895213 2.45086
426 0.95577 2.70522
427 1.03083 2.80175
428 1.10984 2.76755
429 0.965977 2.46734
430 0.998511 2.55528
431 1.05359 2.58172
432 0.857063 2.38191
433 1.07522 2.78581
434 0.993156 2.58709
435 1.03676 2.62038
436 0.8664 2.4684
437 1.10666 2.83354
438 0.87074 2.50142
439 1.09858 2.83015
440 0.942776 2.54941
441 0.924559 2.66677
442 1.05786 2.81308
443 0.908543 2.62396
444 0.992387 2.78563
445 1.04345 2.80703
446 0.990183 2.68976
447 1.14239 2.77511
448 0.811809 2.3251
449 1.1136 2.83645
450 0.92724 2.51007
451 1.04181 2.71713
452 1.09446 2.64802
453 0.999937 2.40224
454 0.868191 2.3467
455 1.00538 2.69223
456 0.98482 2.67186
457 1.05498 2.73447
458 0.93616 2.56446
459 0.995746 2.72896
460 1.14263 2.7999
461 0.849569 2.36524
462 1.05864 2.7817
463 0.9764 2.61909
464 0.972591 2.66903
465 1.01648 2.74735
466 1.0816 2.73868
467 0.867066 2.47026
468 1.04576 2.80801
469 1.05686 2.7127
470 1.01926 2.57279
471 0.911451 2.48535
472 1.0834 2.751
473 0.97093 2.52166
474 0.91665 2.56227
475 1.08073 2.81327
476 0.950431 2.58221
477 1.0146 2.71744
478 0.974907 2.66887
479 1.00897 2.73799
480 1.13809 2.77262
481 0.87506 2.36054
482 1.02057 2.69457
483 0.96812 2.62759
484 1.00662 2.7134
485 1.00718 2.69919
486 0.867976 2.62502
487 1.04337 2.807
488 0.933114 2.66597
489 1.06886 2.81769
490 0.899073 2.59594
491 1.06918 2.81783
492 0.89234 2.59241
493 1.06826 2.81744
494 1.0036 2.6412
495 0.997646 2.63083
496 1.12306 2.6887
497 0.926391 2.33746
498 0.90155 2.48755
499 1.01162 2.74887
500 1.18669 2.79699
501 0.859303 2.25185
502 0.926321 2.58718
503 1.03029 2.79183
504 1.08523 2.74872
505 0.916776 2.4918
506 0.993056 2.70565
507 1.12717 2.77711
508 0.830513 2.37464
509 0.91604 2.75362
510 1.11566 2.83731
511 0.961631 2.52008
512 0.919751 2.58623
513 1.12355 2.84062
514 0.881693 2.46915
515 0.876617 2.72561
516 1.08123 2.82287
517 1.02991 2.62396
518 1.01949 2.55432
519 0.923179 2.47119
520 0.993747 2.66863
521 1.02388 2.69494
522 1.08137 2.66699
523 0.966651 2.44116
524 0.898569 2.48521
525 1.01365 2.75516
526 1.15861 2.7862
527 0.892376 2.32805
528 1.00869 2.61191
529 0.87741 2.53768
530 1.15498 2.8538
531 0.886541 2.40258
532 0.953531 2.67857
533 1.05858 2.81338
534 1.08249 2.69551
535 0.911551 2.44351
536 0.929599 2.64427
537 0.98674 2.78326
538 1.02021 2.79729
539 0.99273 2.74159
540 1.06358 2.7872
541 0.954063 2.60234
542 0.964379 2.70703
543 1.12452 2.84103
544 0.964757 2.50205
545 0.9499 2.57272
546 0.893527 2.65849
547 1.24018 2.88952
548 0.817626 2.18761
549 0.933314 2.6345
550 0.994653 2.78658
551 0.979569 2.78026
552 0.997071 2.78759
553 1.02579 2.79963
554 1.19022 2.81229
555 0.789859 2.22855
556 1.05998 2.80116
557 0.942669 2.62086
558 1.13841 2.82826
559 0.91702 2.43304
560 0.965124 2.63446
561 1.05944 2.75025
562 0.926524 2.56457
563 1.07053 2.78556
564 0.963929 2.58675
565 0.983159 2.67362
566 1.03807 2.73347
567 0.964061 2.61921
568 1.03233 2.72638
569 0.998209 2.64145
570 0.960316 2.62943
571 1.12097 2.78357
572 0.82379 2.39438
573 1.15111 2.85218
574 0.858561 2.39922
575 1.03592 2.78274
576 0.988664 2.68442
577 1.0146 2.72007
578 0.980266 2.67376
579 1.03659 2.74052
580 0.861573 2.58706
581 1.16852 2.85948
582 0.858319 2.36113
583 1.00931 2.73408
584 1.06509 2.73717
585 1.04797 2.5879
586 0.878959 2.41198
587 0.99782 2.72634
588 1.04937 2.75274
589 1.05633 2.64788
590 0.958669 2.48384
591 1.00621 2.59406
592 0.981944 2.57029
593 1.03744 2.63305
594 0.857573 2.47559
595 0.989327 2.78435
596 1.07475 2.82016
597 0.986239 2.61974
598 1.02765 2.6672
599 0.974116 2.58431
600 0.972479 2.64015
601 0.975104 2.70138
602 1.03197 2.77964
603 0.974967 2.68586
604 1.14335 2.81121
605 0.841029 2.37105
606 1.13951 2.8437
607 0.936627 2.45388
608 0.910677 2.58132
609 1.10809 2.83414
610 0.925566 2.5214
611 1.05433 2.73808
612 0.927249 2.56602
613 1.02361 2.76544
614 1.10383 2.74755
615 0.974614 2.46661
616 0.976947 2.52297
617 1.0198 2.59132
618 1.06876 2.56875
619 0.865033 2.33282
620 1.05303 2.70659
621 0.989967 2.56431
622 0.915007 2.55466
623 1.00405 2.77777
624 1.1815 2.84336
625 0.819209 2.29473
626 1.01142 2.77048
627 1.09735 2.78159
628 0.958539 2.51073
629 0.987113 2.61326
630 0.950271 2.62591
631 1.07786 2.78812
632 1.07614 2.61746
633 0.790223 2.33072
634 1.0565 2.81251
635 1.03071 2.67829
636 0.909036 2.56006
637 1.05979 2.81389
638 0.960167 2.64145
639 1.0443 2.7638
640 0.942091 2.62409
641 0.996246 2.77337
642 1.02016 2.79161
643 1.07524 2.77066
644 0.956851 2.5566
645 0.983003 2.66183
646 0.938216 2.68016
647 1.11982 2.83906
648 0.880334 2.47673
649 0.961324 2.77227
650 1.01789 2.79632
651 1.05641 2.77339
652 0.940789 2.60162
653 0.978587 2.74687
654 0.995783 2.78705
655 1.13676 2.84616
656 0.876697 2.4382
657 1.0771 2.79175
658 1.01255 2.59628
659 0.947876 2.54167
660 0.979389 2.66875
661 1.03064 2.7353
662 1.00783 2.65882
663 1.05405 2.66115
664 0.908079 2.48172
665 0.987669 2.71597
666 0.888687 2.70139
667 1.07296 2.81941
668 0.87659 2.57754
669 0.967354 2.77513
670 1.12471 2.84111
671 0.900804 2.47469
672 1.04693 2.75276
673 0.98627 2.62478
674 1.01988 2.66889
675 0.956453 2.59879
676 0.848194 2.64848
677 1.12128 2.83967
678 0.930316 2.4946
679 1.15355 2.74058
680 0.747121 2.23414
681 0.974877 2.77829
682 1.10106 2.83119
683 0.951736 2.54777
684 1.06063 2.69894
685 0.960536 2.52448
686 0.912971 2.59064
687 0.922843 2.75647
688 1.04371 2.80715
689 0.965081 2.67865
690 0.992803 2.76659
691 1.0543 2.80811
692 1.05028 2.68784
693 0.858583 2.4974
694 0.972677 2.77736
695 0.934381 2.76131
696 1.1431 2.84882
697 0.96147 2.46013
698 0.853264 2.49864
699 1.03241 2.80241
700 1.06564 2.74556
701 0.992394 2.57146
702 0.932009 2.56264
703 1.03916 2.75618
704 1.0215 2.66323
705 1.0081 2.61065
706 1.09532 2.62969
707 0.831254 2.31035
708 1.03774 2.76575
709 0.993216 2.66461
710 0.774497 2.58755
711 1.00142 2.78941
712 0.999173 2.78537
713 1.09484 2.82729
714 0.972967 2.569
715 0.974607 2.62871
716 0.91332 2.65844
717 0.91363 2.75261
718 1.11791 2.83826
719 0.974967 2.52078
720 0.966579 2.57188
721 1.02471 2.6693
722 1.08893 2.64238
723 0.835563 2.34151
724 0.98772 2.76473
725 0.988654 2.78406
726 1.10328 2.83212
727 0.925266 2.53179
728 1.0548 2.74945
729 1.03388 2.62102
730 1.01867 2.54071
731 0.909366 2.45389
732 1.00042 2.69012
733 0.911603 2.65188
734 1.08696 2.82528
735 0.94276 2.57478
736 1.02043 2.73245
737 0.970426 2.66681
738 1.08878 2.7811
739 0.912049 2.51293
740 1.0234 2.75185
741 0.871477 2.63691
742 1.01213 2.79391
743 1.09884 2.80378
744 0.884026 2.49763
745 1.04079 2.80592
746 1.02583 2.71053
747 1.02595 2.65416
748 0.897541 2.54347
749 1.18864 2.86791
750 0.820383 2.30118
751 1.07436 2.80029
752 0.977211 2.59708
753 0.888166 2.60942
754 1.06018 2.81405
755 1.01473 2.66353
756 1.03692 2.64072
757 0.933571 2.51662
758 0.926187 2.65862
759 0.985784 2.78286
760 1.0166 2.79578
761 0.98703 2.7471
762 1.01906 2.78887
763 1.00901 2.74302
764 1.10478 2.76354
765 0.873424 2.43746
766 0.977207 2.75763
767 1.16315 2.85723
768 0.820263 2.35677
769 1.10552 2.83306
770 1.00837 2.56189
771 0.853819 2.47851
772 1.22175 2.8818
773 0.80237 2.22132
774 1.06611 2.76385
775 0.91308 2.55515
776 1.08248 2.81618
777 1.07206 2.63173
778 0.87264 2.39046
779 1.02727 2.73364
780 0.882427 2.61321
781 1.2001 2.87272
782 0.905024 2.312
783 0.860671 2.50055
784 1.01273 2.79416
785 1.01536 2.76744
786 1.01523 2.73382
787 1.03105 2.7072
788 0.80944 2.54621
789 1.00735 2.7919
790 1.02228 2.78211
791 0.987641 2.71889
792 1.05364 2.77359
793 0.962349 2.61809
794 1.13187 2.77152
795 1.02094 2.43723
796 0.759107 2.28091
797 1.11741 2.83805
798 0.87368 2.4792
799 1.01553 2.79533
800 0.970521 2.74251
801 0.938323 2.76296
802 0.971694 2.77695
803 0.960113 2.77209
804 1.02731 2.80027
805 1.01573 2.73575
806 1.00235 2.69577
807 0.928527 2.65963
808 0.944887 2.76571
809 1.11577 2.83736
810 0.880953 2.48583
811 1.07802 2.82153
812 1.05941 2.64338
813 0.905056 2.44872
814 1.01582 2.70264
815 0.905077 2.62156
816 1.01505 2.79513
817 1.0785 2.78887
818 1.02563 2.59527
819 0.955316 2.50973
820 0.966223 2.61187
821 1.02792 2.71156
822 0.91981 2.60516
823 1.10501 2.83285
824 0.948264 2.53769
825 1.08142 2.70663
826 0.878896 2.44364
827 1.00251 2.76017
828 1.04566 2.77279
829 1.08434 2.68935
830 0.890696 2.42373
831 0.990519 2.70444
832 0.885057 2.68089
833 1.09001 2.82656
834 0.991506 2.58864
835 0.93696 2.58424
836 0.977793 2.73913
837 1.04726 2.80864
838 1.01105 2.69019
839 1.03307 2.67531
840 0.904039 2.54883
841 1.09682 2.82941
842 0.917614 2.54266
843 1.05075 2.77856
844 1.01514 2.65276
845 0.959677 2.59638
846 1.04644 2.72091
847 1.01318 2.60555
848 0.93826 2.54525
849 1.08217 2.74056
850 0.898997 2.48409
851 1.01854 2.75497
852 0.979267 2.69797
853 1.11875 2.80179
854 0.876164 2.44049
855 1.28656 2.88329
856 0.704773 2.01288
857 1.10212 2.82485
858 0.950154 2.53801
859 0.931637 2.63909
860 1.20167 2.87338
861 0.845973 2.28358
862 0.995841 2.68297
863 1.0094 2.69774
864 1.20433 2.75912
865 0.790814 2.1391
866 0.874741 2.63125
867 1.07654 2.82091
868 1.12224 2.67303
869 0.81663 2.27748
870 1.16098 2.82268
871 0.888537 2.35673
872 1.03154 2.66023
873 0.993679 2.57546
874 1.00783 2.59521
875 0.900734 2.53305
876 1.09403 2.82824
877 0.968239 2.57007
878 1.05328 2.67518
879 0.885916 2.48843
880 1.04842 2.80594
881 1.06527 2.70724
882 1.00438 2.53919
883 0.905136 2.48781
884 1.03522 2.74969
885 1.03396 2.67225
886 1.04132 2.60123
887 1.02949 2.50614
888 0.854544 2.36797
889 1.14133 2.80617
890 0.999109 2.43803
891 0.869676 2.38532
892 1.05782 2.74904
893 1.05347 2.621
894 0.948079 2.45995
895 0.881906 2.54543
896 1.20534 2.87492
897 0.713839 2.21965
898 1.10089 2.83113
899 0.889707 2.52201
900 1.09977 2.83065
901 1.05982 2.59609
902 0.898681 2.39765
903 1.07222 2.69185
904 0.955751 2.48523
905 0.9834 2.59345
906 1.05368 2.65924
907 0.870603 2.46498
908 1.09121 2.82706
909 0.942661 2.56546
910 1.07926 2.74809
911 0.926289 2.5107
912 1.07072 2.73238
913 0.979713 2.53974
914 0.912363 2.55567
915 1.07731 2.8164
916 0.975726 2.60488
917 1.042 2.68574
918 1.01768 2.58385
919 0.983553 2.5309
920 0.93102 2.54468
921 1.02989 2.7369
922 0.990196 2.65493
923 0.976487 2.67059
924 1.10279 2.77498
925 0.903386 2.46668
926 1.04559 2.73747
927 1.02634 2.62984
928 0.950069 2.54023
929 1.0713 2.70022
930 0.989131 2.51005
931 0.927581 2.50783
932 1.01566 2.70302
933 0.98285 2.65502
934 0.89504 2.6556
935 0.928734 2.75894
936 1.10801 2.83411
937 0.956477 2.53459
938 0.911044 2.61053
939 1.10215 2.83165
940 0.936936 2.53916
941 0.9972 2.70223
942 1.13862 2.76773
943 0.794879 2.32037
944 0.997104 2.7876
945 1.13811 2.84673
946 0.881231 2.43717
947 1.04696 2.76625
948 1.02454 2.65429
949 0.879267 2.53958
950 1.05647 2.8125
951 1.06009 2.6907
952 0.858407 2.47462
953 1.05926 2.81367
954 0.947221 2.63717
955 1.10539 2.81886
956 1.0295 2.55693
957 0.974194 2.46926
958 1.04952 2.5573
959 0.88653 2.38054
960 0.942126 2.65173
961 1.0118 2.79377
962 0.98527 2.75685
963 0.993613 2.78614
964 0.964353 2.77388
965 1.191 2.8689
966 0.943181 2.34797
967 0.980216 2.4875
968 0.870987 2.48464
969 1.1695 2.85989
970 0.859937 2.35967
971 1.03615 2.73967
972 1.08855 2.68276
973 0.835271 2.38279
974 1.09551 2.82886
975 0.995061 2.57812
976 0.9329 2.56274
977 1.00632 2.74017
978 0.966137 2.7095
979 1.08502 2.82447
980 1.09935 2.6449
981 0.852203 2.32396
982 1.16726 2.77913
983 0.921214 2.31072
984 0.925119 2.48419
985 0.975933 2.66909
986 1.02686 2.74305
987 0.994276 2.67071
988 1.02761 2.69721
989 1.06209 2.65142
990 0.802551 2.40655
991 1.1435 2.84899
992 0.945299 2.45244
993 0.973351 2.58364
994 1.01595 2.65974
995 0.958891 2.60092
996 1.04348 2.72623
997 0.999511 2.61283
998 1.0097 2.61818
999 0.978811 2.584
1000 0.800336 2.75174
1001 0.827043 2.97349
1002 0.821773 2.97039
1003 0.923374 3.03003
1004 0.795094 2.95473
1005 0.724433 2.91326
1006 0.787447 2.95024
1007 0.876707 3.00264
1008 0.828296 2.97422
1009 0.782513 2.94735
1010 0.742343 2.92377
1011 0.774204 2.94247
1012 0.850557 2.98729
1013 0.85665 2.99087
1014 0.857629 2.99144
1015 0.88335 3.00654
1016 0.748997 2.92767
1017 0.823444 2.97138
1018 0.863446 2.99485
1019 0.823024 2.97113
1020 0.866284 2.99652
1021 0.849001 2.98638
1022 0.808734 2.96274
1023 0.863891 2.99512
1024 0.68849 2.89216
1025 0.841806 2.98215
1026 0.768126 2.9389
1027 0.776389 2.94375
1028 0.736914 2.92058
1029 0.848 2.98579
1030 0.764183 2.93659
1031 0.832083 2.97645
1032 0.761656 2.9351
1033 0.867219 2.99707
1034 0.887237 3.00882
1035 0.79397 2.95407
1036 0.72834 2.91555
1037 0.771503 2.94088
1038 0.830869 2.97573
1039 0.890227 3.01057
1040 0.878457 3.00367
1041 0.754286 2.93078
1042 0.815159 2.96651
1043 0.870746 2.99914
1044 0.801767 2.95865
1045 0.777959 2.94467
1046 0.815806 2.96689
1047 0.722216 2.91195
1048 0.810614 2.96384
1049 0.786771 2.94985
1050 0.710029 2.9048
1051 0.832557 2.97672
1052 0.846563 2.98494
1053 0.736797 2.92051
1054 0.771394 2.94082
1055 0.771916 2.94112
1056 0.833493 2.97727
1057 0.823083 2.97116
1058 0.857411 2.99131
1059 0.727427 2.91501
1060 0.70954 2.90451
1061 0.759907 2.93408
1062 0.779686 2.94569
1063 0.828089 2.9741
1064 0.735863 2.91996
1065 0.80237 2.95901
1066 0.78742 2.95023
1067 0.815229 2.96655
1068 0.874254 3.0012
1069 0.708596 2.90396
1070 0.795947 2.95523
1071 0.837839 2.97982
1072 0.880957 3.00513
1073 0.810917 2.96402
1074 0.773923 2.94231
1075 0.835591 2.9785
1076 0.765609 2.93742
1077 0.863977 2.99517
1078 0.780914 2.94641
1079 0.78723 2.95012
1080 0.782603 2.9474
1081 0.632551 2.85932
1082 0.786681 2.94979
1083 0.786876 2.94991
1084 0.814284 2.966
1085 0.778966 2.94527
1086 0.828919 2.97459
1087 0.814187 2.96594
1088 0.756237 2.93192
1089 0.750686 2.92866
1090 0.803196 2.95949
1091 0.735591 2.9198
1092 0.677594 2.88576
1093 0.844369 2.98366
1094 0.75881 2.93344
1095 0.746684 2.92631
1096 0.777809 2.94458
1097 0.782606 2.9474
1098 0.851176 2.98765
1099 0.733524 2.91859
1100 0.796343 2.95546
1101 0.761269 2.93488
1102 0.729156 2.91603
1103 0.826816 2.97336
1104 0.722914 2.91237
1105 0.766119 2.93773
1106 0.885241 3.00765
1107 0.812717 2.96508
1108 0.838007 2.97992
1109 0.851256 2.9877
1110 0.660394 2.87566
1111 0.808166 2.9624
1112 0.767743 2.93868
1113 0.786393 2.94963
1114 0.80397 2.95994
1115 0.853959 2.98929
1116 0.777926 2.94466
1117 0.85192 2.98809
1118 0.803149 2.95946
1119 0.770446 2.94026
1120 0.805169 2.96064
1121 0.783977 2.94821
1122 0.762896 2.93583
1123 0.827523 2.97377
1124 0.796546 2.95558
1125 0.851914 2.98808
1126 0.82324 2.97125
1127 0.810626 2.96385
1128 0.823639 2.97149
1129 0.816076 2.96705
1130 0.799429 2.95728
1131 0.741776 2.92344
1132 0.817674 2.96799
1133 0.787356 2.95019
1134 0.824423 2.97195
1135 0.793137 2.95358
1136 0.852046 2.98816
1137 0.79227 2.95308
1138 0.826039 2.9729
1139 0.840956 2.98165
1140 0.796183 2.95537
1141 0.779503 2.94558
1142 0.754227 2.93075
1143 0.803931 2.95992
1144 0.771494 2.94088
1145 0.840051 2.98112
1146 0.736226 2.92018
1147 0.783617 2.94799
1148 0.766083 2.9377
1149 0.868633 2.9979
1150 0.802584 2.95913
1151 0.856971 2.99105
1152 0.780416 2.94612
1153 0.883717 3.00676
1154 0.881289 3.00533
1155 0.83316 2.97708
1156 0.78952 2.95146
1157 0.764577 2.93682
1158 0.80606 2.96117
1159 0.873926 3.00101
1160 0.885873 3.00802
1161 0.778491 2.94499
1162 0.862311 2.99419
1163 0.773747 2.9422
1164 0.850969 2.98753
1165 0.822271 2.97069
1166 0.848846 2.98629
1167 0.727726 2.91519
1168 0.865884 2.99628
1169 0.781486 2.94675
1170 0.832737 2.97683
1171 0.810643 2.96386
1172 0.771586 2.94093
1173 0.782114 2.94711
1174 0.810794 2.96395
1175 0.817694 2.968
1176 0.858501 2.99195
1177 0.806963 2.9617
1178 0.864643 2.99556
1179 0.710623 2.90515
1180 0.825897 2.97282
1181 0.882216 3.00587
1182 0.803286 2.95954
1183 0.773241 2.94191
1184 0.894314 3.01298
1185 0.783061 2.94767
1186 0.859996 2.99283
1187 0.783514 2.94793
1188 0.849151 2.98646
1189 0.777919 2.94465
1190 0.786051 2.94942
1191 0.82306 2.97115
1192 0.830689 2.97563
1193 0.766594 2.938
1194 0.865363 2.99598
1195 0.805439 2.9608
1196 0.795113 2.95474
1197 0.781079 2.9465
1198 0.764074 2.93652
1199 0.810233 2.96362
1200 0.756963 2.93235
1201 0.74358 2.92449
1202 0.729607 2.91629
1203 0.826864 2.97338
1204 0.80527 2.9607
1205 0.821356 2.97015
1206 0.804747 2.9604
1207 0.836114 2.97881
1208 0.804816 2.96044
1209 0.745783 2.92579
1210 0.785034 2.94883
1211 0.869406 2.99835
1212 0.85649 2.99077
1213 0.85774 2.99151
1214 0.832266 2.97655
1215 0.741886 2.9235
1216 0.780026 2.94589
1217 0.824993 2.97228
1218 0.824363 2.97191
1219 0.772921 2.94172
1220 0.930304 3.0341
1221 0.821099 2.96999
1222 0.773436 2.94202
1223 0.756264 2.93194
1224 0.769904 2.93995
1225 0.763853 2.9364
1226 0.811321 2.96426
1227 0.80631 2.96132
1228 0.866466 2.99663
1229 0.789304 2.95133
1230 0.845934 2.98457
1231 0.891889 3.01155
1232 0.808169 2.9624
1233 0.76862 2.93919
1234 0.830153 2.97531
1235 0.771463 2.94086
1236 0.798353 2.95665
1237 0.779107 2.94535
1238 0.845261 2.98418
1239 0.78428 2.94839
1240 0.736727 2.92047
1241 0.847567 2.98553
1242 0.822327 2.97072
1243 0.884957 3.00748
1244 0.788816 2.95105
1245 0.740867 2.9229
1246 0.770641 2.94038
1247 0.832081 2.97645
1248 0.781246 2.9466
1249 0.806573 2.96147
1250 0.789953 2.95171
1251 0.863489 2.99488
1252 0.718867 2.90999
1253 0.769083 2.93946
1254 0.793729 2.95393
1255 0.725744 2.91403
1256 0.750316 2.92845
1257 0.798399 2.95667
1258 0.828247 2.9742
1259 0.837594 2.97968
1260 0.803633 2.95974
1261 0.753936 2.93057
1262 0.75295 2.92999
1263 0.730147 2.91661
1264 0.871797 2.99975
1265 0.754607 2.93097
1266 0.828581 2.97439
1267 0.747654 2.92689
1268 0.841561 2.98201
1269 0.746026 2.92593
1270 0.821353 2.97015
1271 0.780256 2.94602
1272 0.804236 2.9601
1273 0.818833 2.96867
1274 0.83662 2.97911
1275 0.819987 2.96935
1276 0.869639 2.99849
1277 0.781161 2.94655
1278 0.741179 2.92308
1279 0.722459 2.9121
1280 0.885291 3.00768
1281 0.808074 2.96235
1282 0.811914 2.9646
1283 0.852341 2.98834
1284 0.812986 2.96524
1285 0.720316 2.91084
1286 0.862629 2.99438
1287 0.763006 2.93589
1288 0.746309 2.92609
1289 0.708504 2.90391
1290 0.795384 2.9549
1291 0.862156 2.9941
1292 0.821473 2.97021
1293 0.805549 2.96087
1294 0.820287 2.96952
1295 0.830644 2.9756
1296 0.797567 2.95618
1297 0.794489 2.95437
1298 0.772364 2.94139
1299 0.727944 2.91531
1300 0.80551 2.96085
1301 0.748573 2.92742
1302 0.847259 2.98535
1303 0.80558 2.96089
1304 0.916299 3.02588
1305 0.77714 2.94419
1306 0.78646 2.94967
1307 0.771976 2.94116
1308 0.794024 2.9541
1309 0.752421 2.92969
1310 0.88161 3.00552
1311 0.774654 2.94274
1312 0.802494 2.95908
1313 0.844729 2.98387
1314 0.721464 2.91151
1315 0.693937 2.89535
1316 0.775266 2.94309
1317 0.80214 2.95887
1318 0.923021 3.02983
1319 0.756626 2.93215
1320 0.699729 2.89875
1321 0.79324 2.95364
1322 0.77074 2.94044
1323 0.780867 2.94638
1324 0.84237 2.98249
1325 0.864361 2.99539
1326 0.832577 2.97674
1327 0.768097 2.93889
1328 0.75246 2.92971
1329 0.780296 2.94605
1330 0.752539 2.92975
1331 0.79529 2.95485
1332 0.785624 2.94917
1333 0.817241 2.96773
1334 0.777409 2.94435
1335 0.772459 2.94144
1336 0.798571 2.95677
1337 0.72947 2.91621
1338 0.78658 2.94973
1339 0.775443 2.9432
1340 0.740139 2.92247
1341 0.847826 2.98569
1342 0.722029 2.91184
1343 0.804701 2.96037
1344 0.793727 2.95393
1345 0.74419 2.92485
1346 0.816267 2.96716
1347 0.816803 2.96748
1348 0.666931 2.8795
1349 0.792427 2.95317
1350 0.839104 2.98057
1351 0.80644 2.96139
1352 0.89354 3.01252
1353 0.761543 2.93504
1354 0.727013 2.91477
1355 0.761047 2.93474
1356 0.740741 2.92283
1357 0.817367 2.96781
1358 0.763123 2.93597
1359 0.819734 2.9692
1360 0.827523 2.97377
1361 0.889751 3.0103
1362 0.886723 3.00852
1363 0.748749 2.92753
1364 0.806161 2.96123
1365 0.813277 2.96541
1366 0.803289 2.95954
1367 0.80952 2.9632
1368 0.699183 2.89843
1369 0.733854 2.91878
1370 0.777491 2.9444
1371 0.760144 2.93422
1372 0.812787 2.96512
1373 0.689426 2.8927
1374 0.83193 2.97636
1375 0.848197 2.98591
1376 0.834947 2.97813
1377 0.726171 2.91427
1378 0.796501 2.95556
1379 0.836309 2.97893
1380 0.762483 2.93559
1381 0.827393 2.97369
1382 0.891217 3.01116
1383 0.804894 2.96049
1384 0.899984 3.0163
1385 0.691906 2.89416
1386 0.829484 2.97492
1387 0.845214 2.98415
1388 0.786 2.9494
1389 0.862381 2.99423
1390 0.878147 3.00348
1391 0.843434 2.98311
1392 0.753879 2.93054
1393 0.833246 2.97713
1394 0.846887 2.98514
1395 0.852594 2.98849
1396 0.845807 2.9845
1397 0.825363 2.9725
1398 0.876286 3.00239
1399 0.819941 2.96932
1400 0.747199 2.92662
1401 0.771349 2.9408
1402 0.81115 2.96416
1403 0.76854 2.93915
1404 0.787863 2.95049
1405 0.773413 2.942
1406 0.824793 2.97217
1407 0.722997 2.91241
1408 0.782047 2.94708
1409 0.79946 2.9573
1410 0.822027 2.97054
1411 0.685129 2.89018
1412 0.894254 3.01294
1413 0.800376 2.95783
1414 0.850847 2.98746
1415 0.830836 2.97571
1416 0.788693 2.95098
1417 0.809714 2.96332
1418 0.824457 2.97197
1419 0.738757 2.92166
1420 0.792169 2.95302
1421 0.774464 2.94262
1422 0.784349 2.94842
1423 0.759764 2.934
1424 0.851937 2.9881
1425 0.771823 2.94107
1426 0.738066 2.92126
1427 0.773126 2.94184
1428 0.857957 2.99163
1429 0.838543 2.98024
1430 0.83499 2.97815
1431 0.87964 3.00436
1432 0.759364 2.93376
1433 0.818939 2.96873
1434 0.816763 2.96745
1435 0.846477 2.98489
1436 0.735859 2.91996
1437 0.829999 2.97522
1438 0.728157 2.91544
1439 0.823936 2.97166
1440 0.781586 2.9468
1441 0.722304 2.912
1442 0.793397 2.95374
1443 0.721791 2.91171
1444 0.744291 2.92491
1445 0.782586 2.94739
1446 0.775206 2.94306
1447 0.885593 3.00786
1448 0.733744 2.91872
1449 0.835201 2.97828
1450 0.781249 2.9466
1451 0.813481 2.96553
1452 0.892143 3.0117
1453 0.904927 3.0192
1454 0.785641 2.94918
1455 0.788524 2.95088
1456 0.776624 2.94389
1457 0.819306 2.96894
1458 0.769383 2.93964
1459 0.766504 2.93795
1460 0.875871 3.00215
1461 0.758087 2.93301
1462 0.80528 2.96071
1463 0.788041 2.95059
1464 0.766153 2.93774
1465 0.779043 2.94531
1466 0.842671 2.98266
1467 0.735841 2.91995
1468 0.784323 2.94841
1469 0.829344 2.97484
1470 0.848654 2.98617
1471 0.774913 2.94289
1472 0.839607 2.98086
1473 0.820846 2.96985
1474 0.751156 2.92894
1475 0.813939 2.96579
1476 0.77669 2.94393
1477 0.787979 2.95056
1478 0.768384 2.93905
1479 0.775454 2.9432
1480 0.882531 3.00606
1481 0.787251 2.95013
1482 0.801946 2.95875
1483 0.776923 2.94407
1484 0.782021 2.94706
1485 0.787681 2.95038
1486 0.683764 2.88938
1487 0.782526 2.94736
1488 0.730467 2.9168
1489 0.801647 2.95858
1490 0.722407 2.91206
1491 0.801886 2.95872
1492 0.717234 2.90903
1493 0.801197 2.95831
1494 0.805897 2.96107
1495 0.804113 2.96003
1496 0.902986 3.01806
1497 0.853769 2.98917
1498 0.764049 2.93651
1499 0.774063 2.94239
1500 0.918549 3.0272
1501 0.81743 2.96784
1502 0.751504 2.92915
1503 0.776046 2.94355
1504 0.842199 2.98238
1505 0.777796 2.94458
1506 0.772216 2.9413
1507 0.870441 2.99896
1508 0.734327 2.91906
1509 0.687031 2.8913
1510 0.836741 2.97918
1511 0.812036 2.96468
1512 0.745529 2.92564
1513 0.842664 2.98266
1514 0.75099 2.92884
1515 0.660814 2.87591
1516 0.81092 2.96402
1517 0.838271 2.98008
1518 0.856681 2.99088
1519 0.792484 2.9532
1520 0.786217 2.94952
1521 0.80492 2.9605
1522 0.871204 2.99941
1523 0.85068 2.98736
1524 0.761936 2.93527
1525 0.77372 2.94219
1526 0.896411 3.0142
1527 0.820193 2.96947
1528 0.82224 2.97067
1529 0.721819 2.91172
1530 0.866239 2.99649
1531 0.782116 2.94711
1532 0.745066 2.92537
1533 0.793933 2.95405
1534 0.860616 2.99319
1535 0.79165 2.95271
1536 0.734576 2.91921
1537 0.740056 2.92243
1538 0.765161 2.93716
1539 0.759391 2.93378
1540 0.807793 2.96218
1541 0.772723 2.9416
1542 0.745326 2.92552
1543 0.843393 2.98308
1544 0.822619 2.97089
1545 0.779741 2.94572
1546 0.696534 2.89688
1547 0.930134 3.034
1548 0.798713 2.95686
1549 0.741427 2.92323
1550 0.74599 2.92591
1551 0.734677 2.91927
1552 0.747804 2.92697
1553 0.769343 2.93962
1554 0.915493 3.02541
1555 0.748793 2.92756
1556 0.79952 2.95733
1557 0.755079 2.93124
1558 0.860894 2.99336
1559 0.801654 2.95858
1560 0.771547 2.94091
1561 0.817559 2.96792
1562 0.759929 2.93409
1563 0.814737 2.96627
1564 0.788151 2.95066
1565 0.774427 2.9426
1566 0.803934 2.95992
1567 0.77612 2.94359
1568 0.801194 2.95831
1569 0.800611 2.95797
1570 0.768796 2.93929
1571 0.8621 2.99407
1572 0.719899 2.91059
1573 0.863337 2.99479
1574 0.754114 2.93068
1575 0.784283 2.94839
1576 0.775701 2.94335
1577 0.787023 2.95
1578 0.771657 2.94098
1579 0.79997 2.9576
1580 0.690026 2.89305
1581 0.876389 3.00245
1582 0.769054 2.93945
1583 0.777147 2.9442
1584 0.82775 2.9739
1585 0.871273 2.99945
1586 0.77037 2.94022
1587 0.769323 2.93961
1588 0.807319 2.96191
1589 0.854519 2.98961
1590 0.82392 2.97166
1591 0.826909 2.97341
1592 0.812311 2.96484
1593 0.842003 2.98227
1594 0.7244 2.91323
1595 0.741996 2.92356
1596 0.80606 2.96117
1597 0.797306 2.95603
1598 0.819039 2.96879
1599 0.799074 2.95707
1600 0.776474 2.9438
1601 0.757121 2.93244
1602 0.781793 2.94692
1603 0.762416 2.93555
1604 0.872081 2.99993
1605 0.746756 2.92636
1606 0.856 2.99048
1607 0.813513 2.96554
1608 0.738561 2.92155
1609 0.831069 2.97585
1610 0.775197 2.94306
1611 0.817344 2.96779
1612 0.760103 2.93419
1613 0.779183 2.94539
1614 0.860181 2.99294
1615 0.847941 2.98575
1616 0.826439 2.97313
1617 0.841533 2.98199
1618 0.90091 3.01685
1619 0.788069 2.95061
1620 0.828067 2.97409
1621 0.822709 2.97094
1622 0.752327 2.92963
1623 0.757304 2.93255
1624 0.894666 3.01318
1625 0.753919 2.93057
1626 0.766404 2.93789
1627 0.840897 2.98162
1628 0.812689 2.96506
1629 0.800629 2.95798
1630 0.7605 2.93443
1631 0.820509 2.96965
1632 0.886979 3.00867
1633 0.708656 2.90399
1634 0.792373 2.95314
1635 0.817701 2.968
1636 0.744561 2.92507
1637 0.794841 2.95458
1638 0.764313 2.93666
1639 0.798637 2.95681
1640 0.753379 2.93025
1641 0.7518 2.92932
1642 0.767047 2.93827
1643 0.824577 2.97204
1644 0.792763 2.95336
1645 0.778547 2.94502
1646 0.730399 2.91675
1647 0.839864 2.98101
1648 0.746771 2.92637
1649 0.7211 2.9113
1650 0.763417 2.93614
1651 0.806251 2.96128
1652 0.760204 2.93425
1653 0.744804 2.92521
1654 0.746837 2.92641
1655 0.852571 2.98847
1656 0.757727 2.9328
1657 0.81848 2.96846
1658 0.832296 2.97657
1659 0.789636 2.95153
1660 0.772633 2.94155
1661 0.796367 2.95548
1662 0.80326 2.95953
1663 0.846913 2.98515
1664 0.772901 2.94171
1665 0.763619 2.93626
1666 0.678747 2.88644
1667 0.804719 2.96038
1668 0.707343 2.90322
1669 0.725516 2.91389
1670 0.843531 2.98317
1671 0.768244 2.93897
1672 0.805061 2.96058
1673 0.795424 2.95492
1674 0.810957 2.96404
1675 0.776346 2.94373
1676 0.658466 2.87453
1677 0.840964 2.98166
1678 0.790437 2.952
1679 0.9106 3.02254
1680 0.699006 2.89833
1681 0.731159 2.9172
1682 0.825796 2.97276
1683 0.79111 2.95239
1684 0.838269 2.98008
1685 0.80915 2.96298
1686 0.737473 2.92091
1687 0.692133 2.89429
1688 0.78278 2.94751
1689 0.755751 2.93164
1690 0.750984 2.92884
1691 0.79194 2.95288
1692 0.832709 2.97681
1693 0.717604 2.90925
1694 0.729509 2.91623
1695 0.700786 2.89937
1696 0.857326 2.99126
1697 0.836906 2.97928
1698 0.711936 2.90592
1699 0.774307 2.94253
1700 0.825089 2.97234
1701 0.822256 2.97068
1702 0.765999 2.93765
1703 0.79667 2.95566
1704 0.814667 2.96622
1705 0.822156 2.97062
1706 0.900964 3.01688
1707 0.760647 2.93451
1708 0.791939 2.95288
1709 0.787191 2.9501
1710 0.609616 2.84585
1711 0.751064 2.92889
1712 0.75041 2.9285
1713 0.8216 2.97029
1714 0.803909 2.95991
1715 0.782723 2.94747
1716 0.71471 2.90755
1717 0.685223 2.89024
1718 0.838433 2.98018
1719 0.825324 2.97247
1720 0.796463 2.95554
1721 0.815413 2.96666
1722 0.889057 3.00989
1723 0.752651 2.92982
1724 0.747049 2.92653
1725 0.741491 2.92327
1726 0.827457 2.97373
1727 0.770937 2.94055
1728 0.813551 2.96557
1729 0.843373 2.98307
1730 0.861667 2.99381
1731 0.785197 2.94892
1732 0.784653 2.9486
1733 0.715296 2.90789
1734 0.81522 2.96655
1735 0.771984 2.94117
1736 0.78797 2.95055
1737 0.764914 2.93702
1738 0.833166 2.97708
1739 0.764926 2.93702
1740 0.78378 2.94809
1741 0.683214 2.88906
1742 0.759094 2.9336
1743 0.833907 2.97752
1744 0.742711 2.92398
1745 0.780597 2.94622
1746 0.800971 2.95818
1747 0.822453 2.97079
1748 0.739344 2.92201
1749 0.891481 3.01131
1750 0.75256 2.92977
1751 0.812864 2.96517
1752 0.797186 2.95596
1753 0.707584 2.90336
1754 0.795131 2.95475
1755 0.808064 2.96234
1756 0.838417 2.98016
1757 0.785069 2.94885
1758 0.726533 2.91449
1759 0.739339 2.92201
1760 0.762451 2.93557
1761 0.75235 2.92964
1762 0.766987 2.93823
1763 0.77373 2.94219
1764 0.85478 2.98977
1765 0.754656 2.93099
1766 0.739987 2.92239
1767 0.872363 3.00009
1768 0.730429 2.91677
1769 0.829139 2.97472
1770 0.84221 2.98239
1771 0.719611 2.91042
1772 0.916313 3.02589
1773 0.766031 2.93767
1774 0.818676 2.96858
1775 0.750269 2.92842
1776 0.81447 2.96611
1777 0.876779 3.00268
1778 0.77237 2.94139
1779 0.793857 2.95401
1780 0.70097 2.89948
1781 0.900074 3.01635
1782 0.841607 2.98203
1783 0.718543 2.9098
1784 0.759549 2.93386
1785 0.771011 2.9406
1786 0.782681 2.94744
1787 0.807096 2.96178
1788 0.65412 2.87198
1789 0.75551 2.93149
1790 0.772194 2.94129
1791 0.762576 2.93565
1792 0.803646 2.95975
1793 0.774889 2.94287
1794 0.877104 3.00287
1795 0.911187 3.02288
1796 0.694229 2.89552
1797 0.838056 2.97995
1798 0.739177 2.92191
1799 0.761649 2.9351
1800 0.73899 2.9218
1801 0.703743 2.90111
1802 0.728771 2.9158
1803 0.720086 2.9107
1804 0.77048 2.94028
1805 0.782457 2.94731
1806 0.784403 2.94846
1807 0.728359 2.91556
1808 0.708666 2.904
1809 0.83683 2.97923
1810 0.744004 2.92474
1811 0.808513 2.96261
1812 0.859387 2.99247
1813 0.782814 2.94753
1814 0.794497 2.95438
1815 0.719357 2.91028
1816 0.761286 2.93489
1817 0.82082 2.96983
1818 0.845727 2.98445
1819 0.809813 2.96337
1820 0.780921 2.94641
1821 0.802536 2.9591
1822 0.738896 2.92174
1823 0.828757 2.97449
1824 0.791574 2.95266
1825 0.855116 2.98996
1826 0.757881 2.93289
1827 0.761893 2.93525
1828 0.796643 2.95564
1829 0.864904 2.99571
1830 0.777919 2.94465
1831 0.770294 2.94017
1832 0.681799 2.88823
1833 0.817506 2.96789
1834 0.81452 2.96613
1835 0.762847 2.9358
1836 0.746681 2.92631
1837 0.785449 2.94907
1838 0.794601 2.95445
1839 0.821099 2.96999
1840 0.743747 2.92459
1841 0.822616 2.97089
1842 0.759297 2.93372
1843 0.799221 2.95716
1844 0.812573 2.96499
1845 0.78037 2.94609
1846 0.816406 2.96724
1847 0.82919 2.97475
1848 0.778704 2.94511
1849 0.842487 2.98255
1850 0.762797 2.93577
1851 0.778243 2.94484
1852 0.762156 2.9354
1853 0.852969 2.98871
1854 0.756296 2.93196
1855 0.976031 3.06094
1856 0.742883 2.92409
1857 0.82908 2.97468
1858 0.793337 2.9537
1859 0.738263 2.92137
1860 0.901254 3.01705
1861 0.788181 2.95067
1862 0.782953 2.9476
1863 0.790281 2.95191
1864 0.951927 3.04679
1865 0.789461 2.95143
1866 0.688009 2.89187
1867 0.807404 2.96196
1868 0.90895 3.02157
1869 0.758206 2.93308
1870 0.883904 3.00687
1871 0.803436 2.95963
1872 0.825479 2.97257
1873 0.821927 2.97048
1874 0.828047 2.97408
1875 0.746246 2.92606
1876 0.82052 2.96966
1877 0.798806 2.95691
1878 0.840566 2.98142
1879 0.748007 2.92709
1880 0.78743 2.95023
1881 0.839443 2.98076
1882 0.84767 2.98559
1883 0.767569 2.93857
1884 0.795386 2.9549
1885 0.823136 2.97119
1886 0.85893 2.9922
1887 0.888201 3.00939
1888 0.76227 2.93547
1889 0.872184 2.99999
1890 0.887011 3.00869
1891 0.771314 2.94077
1892 0.816504 2.9673
1893 0.862789 2.99447
1894 0.822934 2.97107
1895 0.72346 2.91268
1896 0.904004 3.01866
1897 0.668016 2.88014
1898 0.825671 2.97268
1899 0.739419 2.92205
1900 0.824829 2.97219
1901 0.879739 3.00442
1902 0.797004 2.95585
1903 0.852183 2.98824
1904 0.820321 2.96954
1905 0.804653 2.96034
1906 0.847319 2.98539
1907 0.741356 2.92319
1908 0.818406 2.96842
1909 0.77538 2.94316
1910 0.836853 2.97925
1911 0.780049 2.9459
1912 0.834863 2.97807
1913 0.822367 2.97074
1914 0.749381 2.9279
1915 0.809719 2.96332
1916 0.792757 2.95336
1917 0.825609 2.97265
1918 0.842483 2.98255
1919 0.829891 2.97516
1920 0.771757 2.94103
1921 0.7951 2.95474
1922 0.787897 2.95051
1923 0.769251 2.93956
1924 0.84849 2.98608
1925 0.773987 2.94234
1926 0.809441 2.96315
1927 0.832421 2.97664
1928 0.792386 2.95314
1929 0.84797 2.98577
1930 0.844369 2.98366
1931 0.782466 2.94732
1932 0.794216 2.95422
1933 0.780889 2.94639
1934 0.698844 2.89824
1935 0.696551 2.89689
1936 0.83101 2.97581
1937 0.80102 2.95821
1938 0.728727 2.91578
1939 0.826614 2.97323
1940 0.77972 2.94571
1941 0.777279 2.94428
1942 0.885021 3.00752
1943 0.717511 2.90919
1944 0.747829 2.92699
1945 0.853583 2.98907
1946 0.762793 2.93577
1947 0.800184 2.95772
1948 0.821043 2.96997
1949 0.722956 2.91239
1950 0.79235 2.95312
1951 0.840986 2.98167
1952 0.725583 2.91393
1953 0.794444 2.95435
1954 0.753597 2.93037
1955 0.834273 2.97773
1956 0.865784 2.99623
1957 0.846344 2.98482
1958 0.886167 3.00819
1959 0.791196 2.95244
1960 0.743713 2.92457
1961 0.75885 2.93346
1962 0.747481 2.92678
1963 0.74521 2.92545
1964 0.723264 2.91257
1965 0.893251 3.01235
1966 0.867627 2.99731
1967 0.844769 2.98389
1968 0.734487 2.91916
1969 0.877126 3.00288
1970 0.771381 2.94081
1971 0.799879 2.95754
1972 0.871696 2.9997
1973 0.736176 2.92015
1974 0.821634 2.97031
1975 0.822234 2.97067
1976 0.766836 2.93814
1977 0.772267 2.94133
1978 0.746096 2.92597
1979 0.813766 2.96569
1980 0.898367 3.01535
1981 0.77782 2.94459
1982 0.907541 3.02074
1983 0.860519 2.99314
1984 0.789276 2.95132
1985 0.769267 2.93957
1986 0.790083 2.95179
1987 0.785953 2.94937
1988 0.807596 2.96207
1989 0.858714 2.99208
1990 0.693777 2.89526
1991 0.857626 2.99144
1992 0.8232 2.97123
1993 0.798584 2.95678
1994 0.810683 2.96388
1995 0.777917 2.94465
1996 0.81164 2.96444
1997 0.812884 2.96518
1998 0.820751 2.9698
1999 0.803816 2.95985
