0 0.68629 2.80413
1 0.969314 2.27145
2 1.00017 2.41906
3 1.1236 2.46678
4 0.823143 1.87917
5 0.942274 2.65337
6 1.09761 3.00695
7 1.08403 2.51056
8 0.921944 2.09744
9 0.960696 2.43535
10 0.957716 2.62694
11 1.05166 2.87745
12 1.08445 2.6314
13 0.98312 2.20299
14 1.0055 2.28649
15 1.02852 2.27081
16 0.840709 2.08907
17 1.12657 2.93939
18 1.01067 2.2827
19 0.950459 2.21243
20 1.06344 2.47559
21 0.963123 2.16277
22 0.961246 2.31819
23 1.07661 2.53807
24 0.780044 2.09082
25 1.24426 3.39104
26 0.842834 2.03121
27 1.03805 2.80554
28 0.940013 2.57474
29 1.16382 2.96865
30 0.855669 2.08829
31 1.1158 2.85039
32 0.88476 2.20794
33 1.16213 2.86699
34 0.969519 2.06743
35 0.90316 2.14754
36 0.9351 2.59837
37 1.07133 2.97944
38 1.0581 2.61603
39 1.05488 2.34341
40 0.970117 2.0949
41 0.866104 2.16074
42 1.10492 2.89093
43 1.03688 2.3541
44 0.911314 2.14852
45 0.987803 2.57586
46 1.05192 2.66326
47 0.872826 2.34357
48 1.14369 3.07947
49 0.931763 2.29392
50 0.915303 2.60646
51 1.18712 3.15146
52 0.960071 2.16083
53 0.878796 2.29871
54 1.06751 2.96309
55 0.984117 2.59043
56 1.08399 2.71109
57 0.964287 2.26812
58 1.04947 2.45926
59 0.837521 2.15924
60 0.996916 2.99797
61 1.07146 3.04549
62 1.00941 2.66213
63 1.0595 2.6352
64 0.874453 2.28393
65 1.11213 2.98895
66 0.951233 2.37272
67 1.04658 2.64349
68 1.05894 2.42453
69 0.796946 2.07792
70 1.14727 3.1976
71 1.01094 2.39175
72 1.04881 2.35795
73 0.907287 2.10549
74 0.972584 2.52913
75 1.08706 2.71362
76 0.893786 2.22874
77 1.1507 2.83657
78 0.860621 2.049
79 1.0341 2.73117
80 0.984949 2.53989
81 0.811467 2.54483
82 1.26641 4.13252
83 0.916271 2.22838
84 1.0523 2.67238
85 0.943016 2.37718
86 1.07748 2.70631
87 0.961149 2.29385
88 0.935884 2.45496
89 1.00667 2.80472
90 1.06844 2.79717
91 0.89846 2.39201
92 0.937563 2.90692
93 1.25387 3.42365
94 0.826623 2.00682
95 1.01139 2.8485
96 1.03925 2.80326
97 0.99608 2.58866
98 1.08874 2.64601
99 0.839941 2.14139
100 1.11027 3.01342
101 0.927366 2.39374
102 0.9723 2.76704
103 1.13949 2.97614
104 0.83907 2.18773
105 1.08235 3.05876
106 1.13298 2.66634
107 0.878354 2.00577
108 1.0572 2.57835
109 1.0006 2.29374
110 0.775671 2.20488
111 1.24224 3.68472
112 0.881569 2.16662
113 1.04632 2.78885
114 1.0096 2.54109
115 1.05914 2.51239
116 0.897116 2.18737
117 1.11676 2.75689
118 0.909829 2.13909
119 0.976893 2.56591
120 1.05095 2.7122
121 0.959876 2.42503
122 0.982443 2.62977
123 1.08912 2.76182
124 0.938489 2.27822
125 1.08326 2.62016
126 0.94365 2.18398
127 0.996273 2.45334
128 1.01678 2.47789
129 0.987334 2.39229
130 0.982063 2.44604
131 0.932013 2.51212
132 1.11711 2.92942
133 0.931176 2.28881
134 1.06208 2.6638
135 0.945873 2.32423
136 1.08673 2.63372
137 0.906906 2.16565
138 1.06205 2.65581
139 1.00098 2.3387
140 0.94654 2.31332
141 0.990177 2.57847
142 0.97003 2.61956
143 1.07285 2.81227
144 0.940313 2.40073
145 1.10321 2.75873
146 0.850274 2.17473
147 1.08793 2.98567
148 0.954856 2.49003
149 1.14597 2.79526
150 0.880886 2.04598
151 1.09344 2.63799
152 0.885999 2.1359
153 1.1569 2.76798
154 0.944976 2.01028
155 0.960723 2.21109
156 0.955941 2.3828
157 0.978051 2.60135
158 1.05967 2.74499
159 1.06627 2.45408
160 0.994624 2.14724
161 0.88021 2.12295
162 1.13255 2.77125
163 0.860344 2.07187
164 1.12741 2.80498
165 0.929089 2.13947
166 1.04752 2.48875
167 0.847269 2.20158
168 1.21526 3.08736
169 0.838076 1.97147
170 1.09705 2.76911
171 0.946603 2.24979
172 0.962123 2.49457
173 1.02307 2.70949
174 1.0304 2.59655
175 1.00024 2.43759
176 1.04985 2.45606
177 0.927749 2.1883
178 1.08733 2.57788
179 0.801247 2.08613
180 1.18727 3.19944
181 1.00961 2.20361
182 0.907939 2.13244
183 0.980633 2.56821
184 1.16213 2.73986
185 0.826741 1.92847
186 1.13298 2.78407
187 0.873587 2.08388
188 1.10969 2.74131
189 0.88646 2.14594
190 1.03211 2.72863
191 1.03804 2.56951
192 0.999516 2.37714
193 0.92294 2.34943
194 1.14657 2.81326
195 0.887473 2.05844
196 1.0098 2.5856
197 0.97962 2.52415
198 0.983429 2.62801
199 1.06451 2.74451
200 0.917634 2.37221
201 0.99837 2.80636
202 0.981529 2.80741
203 1.13702 2.96553
204 0.935333 2.22682
205 1.03352 2.55866
206 0.97153 2.37829
207 1.04527 2.53784
208 0.951753 2.29647
209 0.935924 2.50901
210 1.06637 2.88368
211 1.08784 2.5583
212 0.960161 2.13035
213 1.01175 2.31046
214 0.96734 2.24134
215 0.897873 2.3585
216 1.07047 2.9287
217 1.03834 2.56151
218 0.9896 2.36486
219 0.939651 2.39117
220 1.21955 2.79948
221 0.806189 1.74765
222 0.981777 2.57228
223 0.982226 2.66383
224 1.02203 2.76926
225 0.986837 2.64442
226 1.0654 2.7428
227 0.975913 2.38929
228 1.08003 2.54021
229 0.890473 2.12099
230 1.09471 2.69534
231 1.02562 2.226
232 0.898927 2.08711
233 0.97077 2.54803
234 1.08765 2.7427
235 0.906434 2.25618
236 1.05361 2.75834
237 0.96113 2.45325
238 1.09541 2.70141
239 0.902396 2.18151
240 0.957367 2.65579
241 1.15973 2.95404
242 0.92263 2.11853
243 1.09346 2.51166
244 0.866383 2.04243
245 0.963266 2.66039
246 1.04767 2.87918
247 1.06717 2.64798
248 0.92177 2.27682
249 1.04885 2.69617
250 0.966123 2.42344
251 1.10199 2.64234
252 0.807269 2.07781
253 1.09417 3.09802
254 1.00856 2.58715
255 0.912147 2.50533
256 1.04943 3.00097
257 1.05298 2.7554
258 1.02186 2.47773
259 1.0065 2.37511
260 0.958019 2.32756
261 0.946434 2.51437
262 1.0103 2.80867
263 0.967566 2.73943
264 1.20092 3.00029
265 0.807311 1.95422
266 1.13038 2.92895
267 0.868311 2.20095
268 1.14986 2.94377
269 0.846504 2.11969
270 1.12707 2.95232
271 0.915631 2.25534
272 1.04815 2.70493
273 1.00445 2.44958
274 1.0208 2.43637
275 0.975457 2.32676
276 1.06587 2.47068
277 0.881859 2.11948
278 0.970051 2.68984
279 0.980474 2.84354
280 1.22936 3.04718
281 0.838931 1.89169
282 1.03797 2.62325
283 1.03902 2.44013
284 0.944459 2.2309
285 0.895933 2.45842
286 1.21784 3.1143
287 0.821119 1.97401
288 1.00669 2.82915
289 0.948046 2.7712
290 1.13102 3.11108
291 1.04576 2.42451
292 0.94121 2.18154
293 0.992511 2.46108
294 1.02011 2.50726
295 1.00804 2.41155
296 0.958483 2.35671
297 1.00517 2.56868
298 0.970734 2.52882
299 0.949293 2.66666
300 1.11637 2.99032
301 0.899547 2.33353
302 1.15246 2.92581
303 0.906517 2.12027
304 1.15914 2.63031
305 0.799541 1.85556
306 1.04734 2.79297
307 0.969061 2.52338
308 1.03639 2.70615
309 0.937893 2.48353
310 1.1873 2.89842
311 0.822554 1.94108
312 1.06799 2.79885
313 1.03278 2.44852
314 0.847346 2.23211
315 0.981633 3.02075
316 1.11982 3.19791
317 1.00334 2.52315
318 1.14957 2.56468
319 0.775589 1.83816
320 0.956 2.86124
321 1.14021 3.17822
322 0.935204 2.38246
323 1.02726 2.73437
324 1.0711 2.61518
325 1.0062 2.26156
326 0.96162 2.21713
327 0.930439 2.37452
328 0.993997 2.73752
329 1.03833 2.78601
330 0.954836 2.55968
331 1.06706 2.83227
332 0.969376 2.4573
333 1.04845 2.64154
334 0.938886 2.36692
335 1.00679 2.68811
336 1.03207 2.66442
337 0.905001 2.45218
338 1.09647 3.00672
339 0.9602 2.46676
340 0.964033 2.66787
341 1.15351 2.92728
342 0.811599 2.08193
343 1.14016 3.09646
344 0.948434 2.33226
345 0.948006 2.57261
346 1.10833 2.8996
347 0.97029 2.31967
348 0.821354 2.39166
349 1.20678 3.58249
350 0.998723 2.33764
351 0.961357 2.32882
352 1.11686 2.56576
353 0.820339 1.97616
354 0.98241 2.82635
355 1.05001 2.94268
356 0.9622 2.65618
357 1.1116 2.90777
358 0.904366 2.28575
359 1.09369 2.82006
360 0.983044 2.32468
361 1.07912 2.43722
362 0.972394 2.0776
363 0.851457 2.12733
364 1.10198 2.92533
365 0.98045 2.37668
366 0.99147 2.46718
367 1.01001 2.51595
368 0.861457 2.40918
369 1.06807 3.21966
370 1.04592 2.83438
371 0.96624 2.57146
372 1.07745 2.78656
373 0.830059 2.31332
374 1.22741 3.37234
375 0.94962 2.12298
376 0.99657 2.34689
377 0.870396 2.31302
378 1.11821 3.04682
379 1.0164 2.42019
380 0.908311 2.30575
381 1.10425 2.82576
382 1.04522 2.30286
383 0.890513 2.07013
384 1.14304 2.63969
385 0.731393 1.89677
386 1.22199 3.36091
387 0.951347 2.13766
388 0.940864 2.33566
389 1.11111 2.6843
390 0.984133 2.13847
391 0.964893 2.18585
392 0.901309 2.31592
393 1.12543 2.88458
394 0.979257 2.22776
395 1.01183 2.33225
396 0.989081 2.27107
397 0.978409 2.31534
398 1.06656 2.44528
399 0.917824 2.11067
400 0.926731 2.45973
401 1.04791 2.87636
402 1.03926 2.63249
403 0.937363 2.4021
404 1.03915 2.74993
405 0.971219 2.52566
406 1.07405 2.71223
407 0.85868 2.27584
408 1.1033 3.06168
409 0.994567 2.4985
410 1.02985 2.54
411 0.827391 2.32315
412 1.32687 3.45176
413 0.785189 1.73834
414 1.10812 2.72673
415 0.945313 2.16396
416 0.960706 2.40659
417 1.03607 2.62601
418 1.00817 2.43946
419 0.894509 2.35888
420 1.09193 2.9566
421 0.953163 2.44144
422 1.02406 2.70226
423 0.962457 2.55643
424 1.13085 2.81429
425 0.869967 2.11096
426 0.978726 2.74688
427 1.05177 2.88378
428 1.09548 2.6417
429 0.950169 2.15488
430 1.00725 2.38939
431 1.05175 2.37458
432 0.850223 2.08611
433 1.10531 2.87311
434 0.967833 2.30985
435 1.04303 2.48141
436 0.860224 2.2207
437 1.15186 3.01129
438 0.838303 2.1593
439 1.15653 3.06261
440 0.905741 2.20757
441 0.94127 2.66051
442 1.10913 3.02448
443 0.882943 2.39142
444 1.05001 3.03854
445 1.04086 2.78504
446 0.979916 2.55505
447 1.14816 2.72477
448 0.787746 1.9558
449 1.16923 3.05651
450 0.888129 2.14023
451 1.06351 2.72391
452 1.07756 2.42147
453 0.989906 2.0777
454 0.871071 2.06843
455 1.02827 2.69911
456 0.977313 2.53638
457 1.06103 2.68448
458 0.923464 2.33861
459 1.01183 2.74204
460 1.13948 2.73523
461 0.826641 2.00931
462 1.09168 2.8859
463 0.95385 2.38085
464 0.982333 2.61228
465 1.02108 2.71675
466 1.07581 2.63312
467 0.854937 2.19726
468 1.08899 2.98644
469 1.03237 2.51594
470 1.01554 2.36353
471 0.909611 2.25401
472 1.10271 2.75884
473 0.94868 2.21447
474 0.924747 2.43128
475 1.10035 2.87784
476 0.927559 2.32216
477 1.02976 2.70839
478 0.967244 2.53355
479 1.01714 2.71821
480 1.13317 2.67946
481 0.85358 2.00482
482 1.04685 2.71092
483 0.95601 2.44188
484 1.01723 2.68437
485 1.00269 2.59191
486 0.86744 2.52375
487 1.16058 3.37371
488 0.894619 2.40035
489 1.1171 3.01413
490 0.872319 2.34033
491 1.13113 3.0731
492 0.862441 2.32138
493 1.13849 3.11024
494 0.967957 2.35841
495 1.00446 2.51839
496 1.12147 2.54248
497 0.907709 1.97529
498 0.915906 2.33114
499 1.02997 2.78226
500 1.17779 2.69205
501 0.831397 1.83947
502 0.952457 2.55432
503 1.04311 2.82974
504 1.07342 2.62555
505 0.904909 2.221
506 1.01123 2.7091
507 1.12408 2.69892
508 0.810946 2.03588
509 0.959277 2.95489
510 1.22361 3.31725
511 0.904121 2.0916
512 0.936254 2.51184
513 1.14494 2.91793
514 0.852353 2.12255
515 0.900746 2.82812
516 1.23913 3.62877
517 0.960983 2.19088
518 1.03117 2.39083
519 0.917621 2.20923
520 1.00867 2.6254
521 1.0214 2.58699
522 1.0757 2.50197
523 0.95578 2.13459
524 0.905559 2.29643
525 1.03371 2.80066
526 1.14885 2.67834
527 0.868619 1.95134
528 1.03061 2.54217
529 0.87129 2.33861
530 1.22292 3.11644
531 0.835834 1.96193
532 0.981193 2.7196
533 1.06965 2.85062
534 1.06298 2.49817
535 0.904577 2.16001
536 0.94556 2.61297
537 1.01764 2.91469
538 1.03038 2.83205
539 0.985373 2.66139
540 1.06725 2.76855
541 0.938804 2.3885
542 0.977436 2.70101
543 1.13676 2.88059
544 0.935394 2.15862
545 0.96062 2.44809
546 0.90197 2.61901
547 1.3519 3.33775
548 0.729147 1.56989
549 0.980421 2.73606
550 1.01003 2.84617
551 0.982819 2.78471
552 1.02112 2.88652
553 1.0243 2.78238
554 1.18297 2.72547
555 0.76266 1.81823
556 1.10328 2.96613
557 0.917766 2.38182
558 1.15873 2.88395
559 0.884307 2.06019
560 0.984877 2.5957
561 1.06357 2.70384
562 0.913346 2.33951
563 1.09026 2.83098
564 0.943093 2.33521
565 0.994627 2.62405
566 1.0395 2.66937
567 0.954666 2.43998
568 1.0435 2.70036
569 0.986944 2.4608
570 0.963524 2.5149
571 1.13122 2.7669
572 0.801076 2.05179
573 1.22721 3.15079
574 0.807813 1.95758
575 1.07049 2.9057
576 0.970521 2.51105
577 1.02213 2.68006
578 0.97461 2.5496
579 1.04315 2.70505
580 0.851951 2.41305
581 1.29158 3.39456
582 0.787381 1.83951
583 1.04593 2.83623
584 1.05267 2.6083
585 1.03798 2.35617
586 0.8748 2.13233
587 1.02127 2.76901
588 1.04399 2.67167
589 1.04557 2.45646
590 0.952991 2.21888
591 1.01353 2.45017
592 0.979497 2.37709
593 1.04065 2.49167
594 0.852057 2.23913
595 1.0454 3.03084
596 1.07659 2.81733
597 0.9682 2.39826
598 1.03471 2.5748
599 0.966933 2.38494
600 0.97888 2.54404
601 0.980293 2.65055
602 1.0371 2.77273
603 0.965739 2.55744
604 1.15288 2.80658
605 0.813871 2.00331
606 1.17756 2.98453
607 0.896869 2.06336
608 0.927277 2.50729
609 1.14097 2.96039
610 0.89435 2.1878
611 1.07553 2.75545
612 0.910557 2.32663
613 1.04281 2.81163
614 1.09178 2.61634
615 0.959564 2.15493
616 0.98431 2.33447
617 1.02168 2.41842
618 1.06508 2.33907
619 0.856334 2.01137
620 1.07942 2.71859
621 0.971617 2.29937
622 0.919854 2.40421
623 1.02276 2.84095
624 1.1754 2.79025
625 0.791101 1.90042
626 1.04833 2.90537
627 1.08463 2.67795
628 0.943443 2.22802
629 0.996414 2.50076
630 0.950873 2.50061
631 1.09097 2.80466
632 1.05353 2.3514
633 0.786004 2.0378
634 1.1426 3.19798
635 0.992704 2.4069
636 0.911887 2.4072
637 1.08547 2.91427
638 0.939047 2.42953
639 1.05905 2.78032
640 0.927719 2.43339
641 1.013 2.82726
642 1.01745 2.76418
643 1.07054 2.69853
644 0.942803 2.31311
645 0.994013 2.60021
646 0.939597 2.60806
647 1.1623 3.00373
648 0.845646 2.11406
649 0.98869 2.89003
650 1.06065 2.97706
651 1.04123 2.66522
652 0.93207 2.41918
653 0.993973 2.77944
654 1.00395 2.81371
655 1.14065 2.85119
656 0.850414 2.0924
657 1.10684 2.88193
658 0.986354 2.31741
659 0.951623 2.36419
660 0.988947 2.60816
661 1.03353 2.68187
662 0.999001 2.49912
663 1.05466 2.52636
664 0.899946 2.22195
665 1.00689 2.73536
666 0.887433 2.65162
667 1.19881 3.41803
668 0.8308 2.22594
669 1.04586 3.15347
670 1.15339 2.94834
671 0.868426 2.11794
672 1.07244 2.80471
673 0.968233 2.40701
674 1.02706 2.58155
675 0.950381 2.42071
676 0.857909 2.62541
677 1.29468 3.72418
678 0.848083 1.97634
679 1.18543 2.7568
680 0.715561 1.8134
681 1.06893 3.24658
682 1.11512 2.87931
683 0.926521 2.2525
684 1.07562 2.65333
685 0.945103 2.25013
686 0.921614 2.48695
687 0.952523 2.89042
688 1.13748 3.24116
689 0.930767 2.43509
690 1.00834 2.81066
691 1.05267 2.78748
692 1.03607 2.51556
693 0.854441 2.2832
694 1.0366 3.0659
695 0.954377 2.84708
696 1.23081 3.21074
697 0.902776 2.00992
698 0.869641 2.38097
699 1.10756 3.13521
700 1.03688 2.55491
701 0.9874 2.36522
702 0.934017 2.39983
703 1.05479 2.77211
704 1.00675 2.47778
705 1.00785 2.44846
706 1.09407 2.4476
707 0.818573 1.97305
708 1.07149 2.86912
709 0.97426 2.47046
710 0.779791 2.5206
711 1.25467 4.48754
712 0.919127 2.41035
713 1.1125 2.88976
714 0.947316 2.28218
715 0.984289 2.5364
716 0.916886 2.58784
717 0.970983 3.02365
718 1.22766 3.3268
719 0.915404 2.08585
720 0.982353 2.46096
721 1.02858 2.56639
722 1.08228 2.45207
723 0.825266 2.02289
724 1.01936 2.88277
725 0.988606 2.77325
726 1.11844 2.88477
727 0.90005 2.2313
728 1.07536 2.77386
729 1.01507 2.38424
730 1.01802 2.3186
731 0.906896 2.1964
732 1.01773 2.67299
733 0.9073 2.53925
734 1.15603 3.10701
735 0.905294 2.24893
736 1.03939 2.75041
737 0.960346 2.52048
738 1.09936 2.77661
739 0.89208 2.22453
740 1.04502 2.79695
741 0.861287 2.49663
742 1.12731 3.36661
743 1.0666 2.63682
744 0.874567 2.25168
745 1.07254 2.93469
746 1.00675 2.54353
747 1.02479 2.5167
748 0.893784 2.35281
749 1.22797 3.0116
750 0.775163 1.84962
751 1.11557 2.94801
752 0.949093 2.31943
753 0.897233 2.53393
754 1.14023 3.16435
755 0.977993 2.38994
756 1.04221 2.51441
757 0.926871 2.28104
758 0.93939 2.62827
759 1.02828 2.96771
760 1.02562 2.82556
761 0.98092 2.67887
762 1.02362 2.79203
763 1.00312 2.66523
764 1.1039 2.69081
765 0.855807 2.12167
766 1.00378 2.85136
767 1.17802 2.90589
768 0.787971 1.96795
769 1.16516 3.07131
770 0.96655 2.19676
771 0.861201 2.30393
772 1.29814 3.16441
773 0.73743 1.6785
774 1.11281 2.90611
775 0.887326 2.27197
776 1.10691 2.90293
777 1.04436 2.35804
778 0.869671 2.1081
779 1.05206 2.77485
780 0.87006 2.44011
781 1.30621 3.30824
782 0.826456 1.75514
783 0.88879 2.4344
784 1.07577 3.0669
785 0.99771 2.65541
786 1.0157 2.67428
787 1.02693 2.59992
788 0.804389 2.37958
789 1.17511 3.7621
790 0.974506 2.5464
791 0.993747 2.68209
792 1.05538 2.73887
793 0.949339 2.42315
794 1.14517 2.75218
795 0.989831 2.05979
796 0.76452 2.01151
797 1.23044 3.34434
798 0.81949 2.04909
799 1.05657 2.96873
800 0.95766 2.64483
801 0.960079 2.85682
802 1.04124 3.09962
803 0.98084 2.85905
804 1.07331 2.99392
805 0.997406 2.59523
806 1.00317 2.6106
807 0.927769 2.56411
808 0.985307 2.94794
809 1.18335 3.10654
810 0.839937 2.10388
811 1.11292 2.95962
812 1.0297 2.37366
813 0.903809 2.19395
814 1.03408 2.69375
815 0.89671 2.46722
816 1.0759 3.05749
817 1.05948 2.67052
818 1.01373 2.36886
819 0.954353 2.28517
820 0.973237 2.49691
821 1.03484 2.65642
822 0.911543 2.43367
823 1.14037 2.96978
824 0.916179 2.20721
825 1.09859 2.66762
826 0.860744 2.12744
827 1.02884 2.84302
828 1.03868 2.70269
829 1.07368 2.52167
830 0.881281 2.12849
831 1.01223 2.72365
832 0.88248 2.60918
833 1.21364 3.40369
834 0.93515 2.18632
835 0.948879 2.47971
836 0.990384 2.75269
837 1.05399 2.82736
838 0.997026 2.53288
839 1.03421 2.5628
840 0.89797 2.34988
841 1.12617 2.942
842 0.889829 2.24069
843 1.07351 2.83954
844 0.996016 2.44345
845 0.961109 2.44719
846 1.05622 2.67852
847 1.00013 2.38616
848 0.939087 2.36176
849 1.09617 2.71787
850 0.880414 2.18398
851 1.042 2.81305
852 0.968793 2.57248
853 1.12719 2.79439
854 0.852471 2.10444
855 1.32186 2.97884
856 0.639 1.43483
857 1.17522 3.11361
858 0.907571 2.16427
859 0.94783 2.60351
860 1.23298 2.98443
861 0.799323 1.82107
862 1.03031 2.73687
863 1.00129 2.5728
864 1.20411 2.64812
865 0.759981 1.68633
866 0.910151 2.70851
867 1.18552 3.32457
868 1.06777 2.31734
869 0.815201 1.96953
870 1.19977 2.93684
871 0.846157 1.92942
872 1.05927 2.6469
873 0.979819 2.33597
874 1.01166 2.43755
875 0.898943 2.34208
876 1.11954 2.92495
877 0.940574 2.27685
878 1.06533 2.59989
879 0.874274 2.22544
880 1.07475 2.90737
881 1.04446 2.51896
882 0.998874 2.30194
883 0.905754 2.27114
884 1.05501 2.77968
885 1.01876 2.48817
886 1.0394 2.41342
887 1.02343 2.2322
888 0.852087 2.08256
889 1.17281 2.88587
890 0.959083 2.03658
891 0.880353 2.14793
892 1.0818 2.78618
893 1.03272 2.37111
894 0.945476 2.19265
895 0.889117 2.41086
896 1.27199 3.12298
897 0.66288 1.72161
898 1.24994 3.54806
899 0.828447 2.07974
900 1.14294 3.00089
901 1.02264 2.26282
902 0.89996 2.12688
903 1.09069 2.64923
904 0.937561 2.17304
905 0.993436 2.469
906 1.0548 2.5251
907 0.862767 2.206
908 1.1277 2.97034
909 0.91322 2.26723
910 1.09785 2.75219
911 0.906041 2.2157
912 1.09 2.72936
913 0.959981 2.25376
914 0.918823 2.41404
915 1.09794 2.8895
916 0.952486 2.35356
917 1.05229 2.61701
918 1.00633 2.35339
919 0.983576 2.31659
920 0.93329 2.3695
921 1.04487 2.73733
922 0.97834 2.48474
923 0.982083 2.59511
924 1.10778 2.73667
925 0.883283 2.14866
926 1.06847 2.76539
927 1.00894 2.40738
928 0.950011 2.34491
929 1.08179 2.63267
930 0.972903 2.21303
931 0.932714 2.31749
932 1.02936 2.67473
933 0.975081 2.50517
934 0.900744 2.59988
935 1.00955 3.16912
936 1.19151 3.18598
937 0.908994 2.14337
938 0.926551 2.55644
939 1.14901 3.01702
940 0.902511 2.20223
941 1.01579 2.7027
942 1.13404 2.67154
943 0.775333 1.9675
944 1.06769 3.10694
945 1.12536 2.78394
946 0.859697 2.10684
947 1.07426 2.83777
948 1.00499 2.44182
949 0.879629 2.37059
950 1.11634 3.06148
951 1.02822 2.44678
952 0.857053 2.25589
953 1.11722 3.05381
954 0.918614 2.39265
955 1.12498 2.87753
956 0.999944 2.23153
957 0.977561 2.2233
958 1.05276 2.35177
959 0.87862 2.07534
960 0.962213 2.64016
961 1.02808 2.85639
962 0.978799 2.69551
963 1.00133 2.81079
964 0.97029 2.79115
965 1.24117 3.05488
966 0.886374 1.86979
967 1.00403 2.33458
968 0.86861 2.26456
969 1.2185 3.04422
970 0.813531 1.921
971 1.06984 2.82032
972 1.06867 2.47277
973 0.828281 2.09062
974 1.14298 3.01781
975 0.959816 2.25365
976 0.9404 2.42325
977 1.02046 2.74972
978 0.961237 2.6229
979 1.09934 2.87444
980 1.07342 2.38058
981 0.845494 2.00827
982 1.19928 2.82421
983 0.878781 1.86616
984 0.946577 2.3447
985 0.985964 2.61229
986 1.03054 2.70098
987 0.98641 2.52955
988 1.03129 2.61606
989 1.05409 2.47169
990 0.796516 2.13404
991 1.25901 3.35636
992 0.877946 1.97223
993 0.99548 2.50669
994 1.01648 2.53788
995 0.955459 2.43484
996 1.05444 2.69463
997 0.986584 2.4035
998 1.0123 2.47279
999 0.97689 2.4046
1000 0.798764 2.56114
1001 0.959411 3.9484
1002 1.00498 4.50955
1003 1.12211 4.52932
1004 0.833813 3.17791
1005 0.850999 5.59994
1006 0.925023 5.67104
1007 1.02988 5.77176
1008 1.01961 4.58762
1009 0.939476 4.27519
1010 0.872037 5.62015
1011 0.909466 5.6561
1012 0.999157 5.74225
1013 1.00632 5.74913
1014 1.08703 4.9446
1015 1.00051 3.74283
1016 0.847811 3.63933
1017 0.967309 5.71166
1018 1.0143 5.7568
1019 1.03299 4.79983
1020 1.043 4.37742
1021 0.965623 3.76051
1022 0.962906 4.20828
1023 1.07823 4.77516
1024 0.776634 3.57145
1025 0.988877 5.73238
1026 0.902324 5.64924
1027 0.912031 5.65857
1028 0.86566 5.61403
1029 0.996153 5.73937
1030 0.897694 5.6448
1031 0.977456 5.72141
1032 0.894724 5.64194
1033 1.01873 5.76106
1034 1.10749 4.79821
1035 0.86735 3.4268
1036 0.855589 5.60435
1037 0.906293 5.65305
1038 0.97603 5.72004
1039 1.04576 5.78702
1040 1.05974 4.40938
1041 0.843074 3.55561
1042 0.957576 5.70231
1043 1.02287 5.76503
1044 0.995654 4.66073
1045 0.971327 4.69872
1046 0.958336 5.70304
1047 0.848394 5.59744
1048 0.952236 5.69719
1049 0.924227 5.67028
1050 0.834077 5.58369
1051 0.978013 5.72195
1052 0.994466 5.73775
1053 0.865523 5.61389
1054 0.906164 5.65293
1055 0.906777 5.65352
1056 0.979111 5.723
1057 0.966883 5.71126
1058 1.00721 5.74999
1059 0.920991 4.80605
1060 0.833504 5.58314
1061 0.89267 5.63997
1062 0.915904 5.66229
1063 0.972764 5.7169
1064 0.864424 5.61284
1065 0.942551 5.68789
1066 0.924991 5.67102
1067 0.957657 5.70239
1068 1.02699 5.76899
1069 0.875426 4.51846
1070 0.935007 5.68064
1071 0.984217 5.7279
1072 1.03487 5.77656
1073 0.991943 4.5025
1074 0.956353 4.58066
1075 0.981577 5.72537
1076 0.899369 5.6464
1077 1.01492 5.7574
1078 0.979379 4.75128
1079 0.924766 5.6708
1080 0.919331 5.66558
1081 0.743064 5.49627
1082 0.924121 5.67018
1083 0.92435 5.6704
1084 0.956547 5.70133
1085 0.915059 5.66147
1086 0.973739 5.71784
1087 0.956434 5.70122
1088 0.888359 5.63583
1089 0.881837 5.62956
1090 0.943521 5.68881
1091 0.864106 5.61254
1092 0.795976 5.54709
1093 0.991887 5.73527
1094 0.891381 5.63873
1095 0.877137 5.62505
1096 0.913699 5.66017
1097 0.919334 5.66558
1098 0.999884 5.74295
1099 0.861679 5.6102
1100 0.935471 5.68108
1101 0.89427 5.64151
1102 0.856547 5.60527
1103 0.971269 5.71547
1104 0.849214 5.59823
1105 0.899967 5.64698
1106 1.0399 5.78139
1107 0.987807 4.43414
1108 1.03438 4.62669
1109 1.00538 4.1572
1110 0.774454 3.92872
1111 0.94936 5.69442
1112 0.901876 5.64881
1113 0.923784 5.66986
1114 0.944433 5.68969
1115 1.00315 5.74609
1116 0.9566 5.2048
1117 1.00076 5.74379
1118 0.95409 5.5786
1119 0.90505 5.65186
1120 0.945839 5.69104
1121 0.920946 5.66713
1122 0.896181 5.64334
1123 0.9721 5.71627
1124 0.935711 5.68131
1125 1.00075 5.74379
1126 0.977847 5.60194
1127 0.95225 5.6972
1128 0.967537 5.71188
1129 0.958651 5.70335
1130 0.939097 5.68456
1131 0.871371 5.61951
1132 0.96053 5.70516
1133 0.924914 5.67094
1134 0.968457 5.71277
1135 0.931707 5.67747
1136 1.00091 5.74394
1137 0.943204 5.54519
1138 0.970356 5.71459
1139 0.987879 5.73142
1140 0.935283 5.6809
1141 0.91569 5.66208
1142 0.885999 5.63356
1143 0.944386 5.68965
1144 0.906281 5.65304
1145 0.986816 5.7304
1146 0.864851 5.61325
1147 0.920523 5.66673
1148 0.899924 5.64694
1149 1.02039 5.76265
1150 0.999754 4.69592
1151 1.06783 4.75003
1152 0.890413 3.74177
1153 1.03811 5.77967
1154 1.0736 4.51957
1155 0.924919 3.56434
1156 0.963621 4.45911
1157 0.901437 5.60977
1158 0.946886 5.69205
1159 1.02661 5.76863
1160 1.09497 4.68583
1161 0.854849 3.45132
1162 1.01297 5.75552
1163 0.972736 4.77148
1164 0.999641 5.74272
1165 0.96593 5.71034
1166 0.997147 5.74032
1167 0.854867 5.60366
1168 1.01716 5.75955
1169 0.977383 4.72086
1170 0.978226 5.72215
1171 0.95227 5.69722
1172 0.90639 5.65315
1173 0.918757 5.66503
1174 0.952447 5.69739
1175 0.960554 5.70518
1176 1.00849 5.75122
1177 1.02009 4.86526
1178 1.06609 4.63871
1179 0.803664 3.60524
1180 0.970189 5.71443
1181 1.03635 5.77798
1182 0.980767 4.47517
1183 0.96713 4.71378
1184 1.05056 5.79163
1185 0.93883 4.26081
1186 1.01025 5.75291
1187 0.988317 4.81839
1188 0.997506 5.74067
1189 0.913829 5.66029
1190 0.923381 5.66947
1191 0.966857 5.71123
1192 0.975817 5.71984
1193 0.900526 5.64752
1194 1.01655 5.75896
1195 1.0081 4.75189
1196 0.985196 4.62989
1197 0.985724 4.8215
1198 0.897566 5.64467
1199 0.951789 5.69676
1200 0.889213 5.63665
1201 0.873491 5.62155
1202 0.857077 5.60578
1203 0.971326 5.71552
1204 0.945959 5.69116
1205 0.964856 5.70931
1206 0.945344 5.69056
1207 0.982191 5.72596
1208 0.945424 5.69064
1209 0.876079 5.62404
1210 0.922187 5.66832
1211 1.0213 5.76352
1212 1.0657 4.73341
1213 0.979933 3.81311
1214 0.976709 4.07409
1215 0.897417 4.32071
1216 0.916304 5.66267
1217 0.969127 5.71341
1218 0.968387 5.7127
1219 0.907959 5.65465
1220 1.09284 5.83224
1221 0.930641 3.70438
1222 0.959744 4.62618
1223 0.888391 5.63586
1224 0.904413 5.65125
1225 0.897306 5.64442
1226 0.953069 5.69798
1227 0.94718 5.69233
1228 1.01785 5.76021
1229 0.986326 4.71877
1230 1.05522 5.12649
1231 1.0571 4.22842
1232 0.892456 3.51041
1233 0.971079 4.822
1234 0.975189 5.71923
1235 0.906246 5.65301
1236 0.937833 5.68335
1237 0.915224 5.66163
1238 0.992937 5.73628
1239 0.921301 5.66747
1240 0.865441 5.61382
1241 0.995646 5.73888
1242 0.965996 5.7104
1243 1.03957 5.78107
1244 0.959164 4.41777
1245 0.870304 5.61849
1246 0.90528 5.65208
1247 0.977453 5.72141
1248 0.917737 5.66405
1249 0.94749 5.69263
1250 0.927966 5.67387
1251 1.01435 5.75684
1252 0.902203 4.70038
1253 0.90345 5.65033
1254 0.932401 5.67813
1255 0.85254 5.60143
1256 0.881403 5.62915
1257 0.937887 5.6834
1258 0.97295 5.71708
1259 0.98393 5.72763
1260 0.944034 5.68931
1261 0.885656 5.63323
1262 0.884497 5.63212
1263 0.857711 5.60639
1264 1.02411 5.76622
1265 0.935643 4.60014
1266 0.973343 5.71746
1267 0.878277 5.62614
1268 0.98859 5.73211
1269 0.876364 5.62431
1270 0.964851 5.7093
1271 0.916574 5.66293
1272 0.944743 5.68999
1273 0.961891 5.70646
1274 0.982787 5.72653
1275 0.963247 5.70776
1276 1.02157 5.76379
1277 0.971639 4.65965
1278 0.87067 5.61884
1279 0.84868 5.59772
1280 1.03996 5.78145
1281 0.98209 4.42924
1282 1.00929 4.68155
1283 1.04727 4.58886
1284 0.939364 3.89617
1285 0.899969 4.65221
1286 1.01334 5.75588
1287 0.95879 4.75612
1288 0.876696 5.62462
1289 0.832287 5.58197
1290 0.934346 5.68
1291 1.01278 5.75534
1292 1.03297 4.81947
1293 0.971791 4.34663
1294 1.02543 4.75207
1295 1.00565 4.40706
1296 0.958623 4.30005
1297 1.00586 4.87055
1298 0.970836 4.76831
1299 0.855124 5.60391
1300 0.94624 5.69143
1301 0.879356 5.62718
1302 0.995283 5.73853
1303 0.946323 5.6915
1304 1.07638 5.81644
1305 0.900631 3.89931
1306 0.923863 5.66993
1307 0.906847 5.65359
1308 0.932749 5.67846
1309 0.883877 5.63153
1310 1.03564 5.77729
1311 0.946664 4.45958
1312 0.942699 5.68802
1313 0.99231 5.73568
1314 0.847511 5.5966
1315 0.815174 5.56553
1316 0.910713 5.6573
1317 0.942281 5.68762
1318 1.08428 5.82402
1319 0.867597 3.77479
1320 0.821977 5.57207
1321 0.931826 5.67758
1322 0.905396 5.6522
1323 0.917293 5.66362
1324 0.98954 5.73302
1325 1.01537 5.75783
1326 1.04359 4.79389
1327 0.910887 4.13233
1328 0.883923 5.63157
1329 0.916621 5.66298
1330 0.884014 5.63166
1331 0.934234 5.67989
1332 0.922881 5.66899
1333 0.960021 5.70467
1334 0.91323 5.65972
1335 0.907414 5.65413
1336 0.93809 5.6836
1337 0.856914 5.60563
1338 0.924003 5.67007
1339 0.91092 5.6575
1340 0.869449 5.61767
1341 0.995949 5.73917
1342 0.848174 5.59723
1343 0.94529 5.69051
1344 0.932399 5.67813
1345 0.874207 5.62224
1346 0.958877 5.70357
1347 0.959507 5.70417
1348 0.783451 5.53506
1349 0.930873 5.67667
1350 0.985704 5.72933
1351 0.947333 5.69248
1352 1.04965 5.79076
1353 0.914104 4.25507
1354 0.854029 5.60286
1355 0.89401 5.64126
1356 0.870156 5.61834
1357 0.960169 5.7048
1358 0.896447 5.6436
1359 0.962949 5.70748
1360 0.972099 5.71627
1361 1.0452 5.78648
1362 1.07048 4.42436
1363 0.827583 3.47519
1364 0.947006 5.69216
1365 0.955364 5.70019
1366 0.94363 5.68892
1367 0.950951 5.69595
1368 0.821337 5.57145
1369 0.862066 5.61057
1370 0.913327 5.65981
1371 0.892949 5.64024
1372 0.954789 5.69964
1373 0.809876 5.56045
1374 0.977277 5.72124
1375 0.996386 5.73959
1376 0.980821 5.72464
1377 0.85304 5.6019
1378 0.935659 5.68126
1379 0.98242 5.72618
1380 0.895697 5.64288
1381 0.971946 5.71612
1382 1.04692 5.78813
1383 0.969543 4.32983
1384 1.12656 4.84219
1385 0.74166 3.23249
1386 0.974403 5.71848
1387 0.992881 5.73623
1388 0.923321 5.66941
1389 1.01305 5.7556
1390 1.10387 4.86972
1391 0.930956 3.53164
1392 0.906976 4.2729
1393 0.978821 5.72272
1394 0.994847 5.73812
1395 1.00155 5.74455
1396 1.01644 5.50986
1397 1.0312 4.75055
1398 1.05246 4.35921
1399 0.92031 3.63168
1400 0.928947 4.62282
1401 0.90611 5.65288
1402 0.952866 5.69779
1403 0.902811 5.64971
1404 0.92551 5.67151
1405 0.908536 5.65521
1406 0.968891 5.71319
1407 0.849311 5.59832
1408 0.918677 5.66495
1409 0.939133 5.6846
1410 0.965644 5.71007
1411 0.804829 5.55559
1412 1.05049 5.79156
1413 0.959676 4.27648
1414 1.07336 4.8841
1415 0.953671 3.84147
1416 0.961916 4.45051
1417 0.95118 5.69617
1418 0.968499 5.71281
1419 0.867826 5.61611
1420 0.930569 5.67637
1421 0.90977 5.6564
1422 0.921381 5.66755
1423 0.892503 5.63981
1424 1.00078 5.74381
1425 0.917157 5.54095
1426 0.867013 5.61532
1427 0.908199 5.65489
1428 1.00785 5.75061
1429 1.06084 4.90464
1430 0.977627 4.05169
1431 1.0604 4.40249
1432 0.847619 3.55001
1433 0.962016 5.70658
1434 0.95946 5.70413
1435 0.994366 5.73766
1436 0.86442 5.61283
1437 0.975007 5.71906
1438 0.855373 5.60415
1439 0.967886 5.71222
1440 0.918136 5.66443
1441 0.848497 5.59754
1442 0.932011 5.67776
1443 0.847896 5.59696
1444 0.874326 5.62235
1445 0.919311 5.66556
1446 0.910641 5.65723
1447 1.04031 5.78179
1448 0.891351 4.35916
1449 0.98112 5.72493
1450 0.91774 5.66405
1451 0.955604 5.70042
1452 1.04801 5.78918
1453 1.08851 4.40031
1454 0.84837 3.34314
1455 0.926287 5.67226
1456 0.912307 5.65883
1457 0.962447 5.70699
1458 0.903801 5.65066
1459 0.90042 5.64742
1460 1.0289 5.77082
1461 0.934337 4.53753
1462 0.94597 5.69117
1463 0.92572 5.67172
1464 0.900007 5.64702
1465 0.91515 5.66156
1466 0.989894 5.73336
1467 0.8644 5.61282
1468 0.921351 5.66752
1469 0.974239 5.71832
1470 0.996923 5.74011
1471 0.910297 5.6569
1472 0.986294 5.7299
1473 0.964256 5.70873
1474 0.88239 5.6301
1475 0.956141 5.70094
1476 0.912386 5.65891
1477 0.925646 5.67164
1478 0.902629 5.64953
1479 0.910934 5.65751
1480 1.03672 5.77833
1481 0.960737 4.45581
1482 0.942054 5.68741
1483 0.912659 5.65917
1484 0.918649 5.66492
1485 0.925297 5.67131
1486 0.803224 5.55405
1487 0.919241 5.66549
1488 0.858087 5.60675
1489 0.941703 5.68707
1490 0.848619 5.59766
1491 0.941983 5.68734
1492 0.842541 5.59182
1493 0.941174 5.68656
1494 0.946694 5.69186
1495 0.944599 5.68985
1496 1.06075 5.80141
1497 1.01013 4.17805
1498 0.891987 3.96502
1499 0.9093 5.65594
1500 1.07903 5.81897
1501 0.943976 3.89385
1502 0.933084 4.61247
1503 0.911629 5.65818
1504 0.989339 5.73283
1505 0.913684 5.66015
1506 0.907129 5.65386
1507 1.02252 5.76469
1508 0.912311 4.60326
1509 0.807061 5.55774
1510 0.982929 5.72667
1511 0.953907 5.69879
1512 0.87578 5.62374
1513 0.989886 5.73335
1514 0.882196 5.62991
1515 0.776264 5.52816
1516 0.952596 5.69753
1517 0.984726 5.72839
1518 1.00635 5.74917
1519 1.00441 4.8809
1520 0.991093 4.81378
1521 0.971637 5.42073
1522 1.02341 5.76555
1523 1.05568 4.69842
1524 0.87981 3.85018
1525 0.908897 5.65556
1526 1.05302 5.794
1527 0.980217 4.25802
1528 1.00787 4.53527
1529 0.875974 4.33786
1530 1.01758 5.75995
1531 0.977667 4.71571
1532 0.875236 5.62322
1533 0.93264 5.67836
1534 1.01097 5.75361
1535 0.997687 4.81611
1536 0.92839 4.79311
1537 0.86935 5.61757
1538 0.898843 5.6459
1539 0.892064 5.63939
1540 0.948923 5.694
1541 0.907726 5.65443
1542 0.875541 5.62352
1543 0.990741 5.73417
1544 0.966339 5.71073
1545 0.91597 5.66235
1546 0.818226 5.56846
1547 1.09264 5.83205
1548 0.905519 3.69077
1549 0.870961 5.61912
1550 0.876321 5.62427
1551 0.863031 5.6115
1552 0.878453 5.62631
1553 0.903754 5.65062
1554 1.07544 5.81552
1555 0.868879 3.89025
1556 0.939204 5.68467
1557 0.886999 5.63452
1558 1.0113 5.75392
1559 1.00989 4.82115
1560 0.96014 4.65601
1561 0.960393 5.70502
1562 0.892696 5.64
1563 0.95708 5.70184
1564 0.925849 5.67184
1565 0.909727 5.65635
1566 0.944389 5.68965
1567 0.911716 5.65826
1568 0.94117 5.68655
1569 0.940486 5.6859
1570 0.903111 5.65
1571 1.01272 5.75528
1572 0.905316 4.72361
1573 1.01417 5.75667
1574 0.946646 4.73625
1575 0.921304 5.66748
1576 0.911224 5.6578
1577 0.924524 5.67057
1578 0.906474 5.65323
1579 0.939733 5.68517
1580 0.81058 5.56112
1581 1.0295 5.7714
1582 0.947131 4.53913
1583 0.912923 5.65942
1584 0.972367 5.71652
1585 1.02349 5.76563
1586 0.955924 4.62316
1587 0.90373 5.6506
1588 0.948364 5.69347
1589 1.00381 5.74672
1590 1.02259 5.15683
1591 1.02236 4.63487
1592 0.976167 4.3107
1593 1.04294 4.66927
1594 0.849071 3.97464
1595 0.87163 5.61976
1596 0.946886 5.69205
1597 0.936601 5.68217
1598 0.962131 5.70669
1599 0.938681 5.68417
1600 0.912133 5.65866
1601 0.889399 5.63683
1602 0.918379 5.66466
1603 0.895617 5.6428
1604 1.02444 5.76654
1605 0.925524 4.58834
1606 1.00555 5.7484
1607 1.03207 4.91242
1608 0.900279 4.40021
1609 0.976264 5.72026
1610 0.910631 5.65722
1611 0.960143 5.70478
1612 0.8929 5.64019
1613 0.915313 5.66172
1614 1.01046 5.75312
1615 1.0693 4.87716
1616 0.953437 3.89053
1617 1.03157 4.55312
1618 1.06028 4.15981
1619 0.862023 3.43159
1620 0.972739 5.71688
1621 0.966444 5.71083
1622 0.883766 5.63142
1623 0.889613 5.63703
1624 1.05097 5.79203
1625 0.903406 4.2304
1626 0.900303 5.6473
1627 0.98781 5.73136
1628 0.954673 5.69953
1629 0.940507 5.68592
1630 0.893366 5.64064
1631 0.963859 5.70835
1632 1.04194 5.78335
1633 0.859087 4.31501
1634 0.930809 5.67661
1635 0.960563 5.70518
1636 0.874643 5.62266
1637 0.933707 5.67939
1638 0.897846 5.64494
1639 0.938167 5.68367
1640 0.885001 5.63261
1641 0.883146 5.63082
1642 0.901057 5.64803
1643 0.96864 5.71294
1644 0.931266 5.67704
1645 0.914566 5.661
1646 0.858006 5.60667
1647 0.986597 5.73019
1648 0.877239 5.62515
1649 0.847083 5.59618
1650 0.896793 5.64393
1651 0.947111 5.69226
1652 0.89302 5.6403
1653 0.874929 5.62293
1654 0.877317 5.62522
1655 1.00152 5.74453
1656 0.910233 5.41832
1657 0.961477 5.70606
1658 0.977706 5.72165
1659 0.927593 5.67351
1660 0.90762 5.65433
1661 0.9355 5.68111
1662 0.943597 5.68889
1663 0.994876 5.73814
1664 0.907936 5.65463
1665 0.89703 5.64416
1666 0.797331 5.54839
1667 0.94531 5.69053
1668 0.830923 5.58066
1669 0.85227 5.60117
1670 0.990904 5.73433
1671 0.902463 5.64937
1672 0.945713 5.69092
1673 0.934393 5.68005
1674 0.95264 5.69757
1675 0.911981 5.65852
1676 0.773506 5.52551
1677 0.987889 5.73143
1678 0.928534 5.67442
1679 1.06969 5.81001
1680 0.817331 3.92952
1681 0.8589 5.60753
1682 0.97007 5.71432
1683 0.929324 5.67518
1684 0.984723 5.72839
1685 0.950516 5.69554
1686 0.866316 5.61466
1687 0.813054 5.5635
1688 0.91954 5.66578
1689 0.887789 5.63528
1690 0.882189 5.6299
1691 0.9303 5.67612
1692 0.978191 5.72212
1693 0.842977 5.59224
1694 0.85696 5.60567
1695 0.82322 5.57326
1696 1.00711 5.74989
1697 1.05973 4.91343
1698 0.835593 3.97862
1699 0.909586 5.65622
1700 0.96924 5.71352
1701 0.965911 5.71032
1702 0.899826 5.64684
1703 0.935857 5.68145
1704 0.956997 5.70176
1705 0.965794 5.71021
1706 1.05837 5.79913
1707 0.90275 4.13431
1708 0.930299 5.67612
1709 0.924721 5.67076
1710 0.716121 5.47039
1711 0.882283 5.62999
1712 0.881514 5.62926
1713 0.965141 5.70958
1714 0.944359 5.68962
1715 0.919473 5.66571
1716 0.839577 5.58897
1717 0.804939 5.5557
1718 0.984916 5.72857
1719 0.969516 5.71378
1720 0.935613 5.68122
1721 0.957874 5.7026
1722 1.04438 5.7857
1723 0.909573 4.31983
1724 0.877566 5.62546
1725 0.871037 5.61919
1726 0.972021 5.71619
1727 0.905627 5.65242
1728 0.955686 5.7005
1729 0.990719 5.73415
1730 1.01221 5.75479
1731 0.988051 4.79285
1732 0.925309 5.63015
1733 0.840264 5.58963
1734 0.957647 5.70238
1735 0.906857 5.6536
1736 0.925636 5.67163
1737 0.898553 5.64562
1738 0.978729 5.72263
1739 0.898566 5.64563
1740 0.920714 5.66691
1741 0.802579 5.55343
1742 0.891716 5.63906
1743 0.9796 5.72347
1744 0.87247 5.62057
1745 0.916974 5.66332
1746 0.940909 5.68631
1747 0.966144 5.71055
1748 0.868514 5.61677
1749 1.04723 5.78843
1750 0.906141 4.28063
1751 0.95488 5.69973
1752 0.936463 5.68203
1753 0.831207 5.58093
1754 0.934049 5.67972
1755 0.949241 5.69431
1756 0.984896 5.72856
1757 0.922227 5.66836
1758 0.853466 5.60231
1759 0.868509 5.61677
1760 0.895659 5.64284
1761 0.883793 5.63144
1762 0.900987 5.64796
1763 0.908907 5.65557
1764 1.00412 5.74702
1765 0.940676 5.04194
1766 0.86927 5.6175
1767 1.02477 5.76686
1768 0.904913 4.56878
1769 0.973997 5.71809
1770 0.989353 5.73284
1771 0.845336 5.5945
1772 1.0764 5.81645
1773 0.887739 3.89045
1774 0.961706 5.70628
1775 0.881349 5.6291
1776 0.956766 5.70154
1777 1.02996 5.77184
1778 0.950666 4.53581
1779 0.932551 5.67828
1780 0.823437 5.57347
1781 1.05733 5.79813
1782 1.0002 4.21589
1783 0.853723 4.11106
1784 0.892249 5.63957
1785 0.905714 5.6525
1786 0.919424 5.66567
1787 0.948104 5.69322
1788 0.768401 5.5206
1789 0.887506 5.63501
1790 0.907104 5.65383
1791 0.895806 5.64298
1792 0.944051 5.68932
1793 0.91027 5.65688
1794 1.03034 5.77221
1795 1.12099 4.65605
1796 0.737126 3.176
1797 0.984471 5.72815
1798 0.868319 5.61658
1799 0.894716 5.64193
1800 0.868099 5.61637
1801 0.826693 5.5766
1802 0.856094 5.60484
1803 0.845891 5.59504
1804 0.90509 5.6519
1805 0.91916 5.66541
1806 0.921446 5.66761
1807 0.85561 5.60437
1808 0.832476 5.58215
1809 0.983033 5.72677
1810 0.873989 5.62203
1811 0.949767 5.69482
1812 1.00953 5.75222
1813 0.988304 4.8276
1814 0.933303 5.679
1815 0.845036 5.59422
1816 0.894289 5.64153
1817 0.964224 5.7087
1818 0.993484 5.73681
1819 0.951294 5.69628
1820 0.917356 5.66368
1821 0.942747 5.68807
1822 0.867989 5.61626
1823 0.973549 5.71766
1824 0.92987 5.6757
1825 1.00451 5.7474
1826 0.949897 4.98858
1827 0.895004 5.64221
1828 0.935824 5.68142
1829 1.01601 5.75845
1830 0.974309 4.7334
1831 0.904873 5.65169
1832 0.800916 5.55184
1833 0.960333 5.70496
1834 0.956824 5.70159
1835 0.896124 5.64329
1836 0.877134 5.62505
1837 0.922674 5.66879
1838 0.933427 5.67912
1839 0.964553 5.70902
1840 0.873687 5.62174
1841 0.966334 5.71073
1842 0.891954 5.63928
1843 0.938854 5.68433
1844 0.954537 5.6994
1845 0.916707 5.66306
1846 0.95904 5.70372
1847 0.974057 5.71815
1848 0.914751 5.66118
1849 0.989679 5.73315
1850 0.896066 5.64323
1851 0.914209 5.66066
1852 0.895311 5.64251
1853 1.00199 5.74498
1854 0.914674 5.34957
1855 1.14655 5.88383
1856 0.793101 3.23942
1857 0.973929 5.71802
1858 0.93194 5.67769
1859 0.867244 5.61555
1860 1.05871 5.79946
1861 0.935011 4.15236
1862 0.919743 5.66597
1863 0.928351 5.67425
1864 1.11824 5.85664
1865 0.870114 3.48417
1866 0.80821 5.55884
1867 0.948466 5.69357
1868 1.06775 5.80814
1869 0.888831 4.0033
1870 1.03833 5.77988
1871 0.978481 4.44778
1872 1.03285 4.76712
1873 0.986567 4.30626
1874 1.01115 4.49877
1875 0.898367 4.27319
1876 0.963873 5.70836
1877 0.938364 5.68386
1878 0.987421 5.73098
1879 0.878693 5.62654
1880 0.925001 5.67103
1881 0.986101 5.72971
1882 0.995766 5.739
1883 0.90167 5.64862
1884 0.934349 5.68
1885 0.966944 5.71132
1886 1.00899 5.7517
1887 1.12209 4.9365
1888 0.82819 3.36854
1889 1.02456 5.76666
1890 1.09919 4.71572
1891 0.84492 3.42997
1892 0.959156 5.70383
1893 1.01353 5.75606
1894 1.03386 4.81052
1895 0.87093 4.25359
1896 1.06194 5.80256
1897 0.789116 4.00949
1898 0.969924 5.71418
1899 0.868603 5.61685
1900 0.968934 5.71322
1901 1.03344 5.77518
1902 0.976691 4.50992
1903 1.07509 4.88589
1904 0.939447 3.8099
1905 0.997003 4.63853
1906 1.0538 4.71971
1907 0.860211 3.88402
1908 0.96139 5.70598
1909 0.910846 5.65743
1910 0.98306 5.72679
1911 0.91633 5.6627
1912 0.980721 5.72455
1913 0.966043 5.71045
1914 0.880306 5.6281
1915 0.951184 5.69617
1916 0.931259 5.67703
1917 0.96985 5.7141
1918 0.989673 5.73314
1919 0.974881 5.71894
1920 0.906591 5.65334
1921 0.934013 5.67968
1922 0.92555 5.67155
1923 0.903647 5.65051
1924 0.99673 5.73993
1925 0.909211 5.65586
1926 0.95086 5.69587
1927 0.977853 5.72179
1928 0.930823 5.67662
1929 0.996119 5.73934
1930 0.991887 5.73527
1931 0.91917 5.66542
1932 0.932973 5.67868
1933 0.917317 5.66365
1934 0.82094 5.57107
1935 0.818246 5.56848
1936 0.976196 5.7202
1937 0.940966 5.68636
1938 0.856043 5.60479
1939 0.971031 5.71524
1940 0.915944 5.66233
1941 0.913077 5.65957
1942 1.03964 5.78114
1943 0.872379 4.35409
1944 0.878481 5.62634
1945 1.00271 5.74567
1946 0.932127 5.25259
1947 0.939984 5.68542
1948 0.964487 5.70896
1949 0.849263 5.59827
1950 0.93078 5.67658
1951 0.987914 5.73146
1952 0.852349 5.60124
1953 0.933241 5.67894
1954 0.885259 5.63285
1955 0.980029 5.72388
1956 1.01705 5.75944
1957 1.05865 4.7835
1958 1.02793 3.99374
1959 0.886139 3.59608
1960 0.873646 5.6217
1961 0.891429 5.63878
1962 0.878073 5.62595
1963 0.875406 5.62339
1964 0.849626 5.59863
1965 1.04931 5.79043
1966 1.0419 4.35011
1967 0.959603 3.74451
1968 0.880307 4.21615
1969 1.03037 5.77223
1970 0.948961 4.5293
1971 0.939626 5.68507
1972 1.02399 5.76611
1973 0.912929 4.5848
1974 0.965181 5.70962
1975 0.965886 5.7103
1976 0.900809 5.64779
1977 0.90719 5.65392
1978 0.876446 5.62439
1979 0.955939 5.70074
1980 1.05532 5.7962
1981 0.926807 4.19063
1982 1.0661 5.80655
1983 1.01098 4.10848
1984 0.913854 3.89921
1985 0.903666 5.65053
1986 0.928119 5.67402
1987 0.923267 5.66936
1988 0.94869 5.69378
1989 1.00874 5.75146
1990 0.876741 4.75271
1991 1.00746 5.75023
1992 1.04193 4.89525
1993 0.958889 4.2902
1994 1.02506 4.8718
1995 0.953423 4.49422
1996 0.953441 5.69835
1997 0.954904 5.69975
1998 0.964146 5.70863
1999 0.94425 5.68951
