0 0.501711 1.15724
1 0.946986 2.1815
2 0.940951 2.17924
3 1.05729 2.22299
4 0.853183 2.03841
5 0.829494 2.13732
6 0.901649 2.16445
7 1.00385 2.20289
8 0.944413 2.17329
9 0.895999 2.16233
10 0.850001 2.14503
11 0.886484 2.15875
12 0.97391 2.19163
13 0.980889 2.19426
14 0.982009 2.19468
15 1.01146 2.20575
16 0.84684 2.12226
17 0.942866 2.17996
18 0.988669 2.19718
19 0.942386 2.17978
20 0.991919 2.19841
21 0.97213 2.19096
22 0.926023 2.17362
23 0.989179 2.19738
24 0.78834 2.12184
25 0.96389 2.18786
26 0.879524 2.15613
27 0.888986 2.15969
28 0.843786 2.14269
29 0.970983 2.19053
30 0.875011 2.15443
31 0.952757 2.18368
32 0.872116 2.15334
33 0.992989 2.19881
34 1.01591 2.20743
35 0.893249 2.13135
36 0.833969 2.139
37 0.883391 2.15759
38 0.951367 2.18315
39 1.01933 2.20872
40 0.984523 2.15928
41 0.860024 2.14154
42 0.933379 2.17639
43 0.997027 2.20032
44 0.918046 2.17062
45 0.890784 2.16037
46 0.93412 2.17667
47 0.826957 2.13636
48 0.928174 2.17443
49 0.900874 2.16416
50 0.813001 2.13111
51 0.9533 2.18388
52 0.969337 2.18991
53 0.843653 2.14264
54 0.883267 2.15754
55 0.883864 2.15777
56 0.954371 2.18428
57 0.942451 2.1798
58 0.98176 2.19458
59 0.832923 2.1386
60 0.812443 2.1309
61 0.870114 2.1526
62 0.892761 2.16111
63 0.948184 2.18195
64 0.842583 2.14224
65 0.918734 2.17088
66 0.901619 2.16444
67 0.93346 2.17642
68 1.00104 2.20184
69 0.810431 2.12818
70 0.911381 2.16812
71 0.959349 2.18616
72 1.00872 2.20472
73 0.919639 2.15481
74 0.886163 2.15863
75 0.956774 2.18519
76 0.876643 2.15505
77 0.989277 2.19741
78 0.894167 2.16164
79 0.901399 2.16436
80 0.896101 2.16237
81 0.724289 2.09774
82 0.900771 2.16412
83 0.900994 2.16421
84 0.932377 2.17601
85 0.891936 2.1608
86 0.949134 2.18231
87 0.932267 2.17597
88 0.865911 2.15101
89 0.859554 2.14862
90 0.91968 2.17124
91 0.842271 2.14212
92 0.775863 2.11714
93 0.966824 2.18897
94 0.868857 2.15212
95 0.854973 2.1469
96 0.890611 2.1603
97 0.896104 2.16237
98 0.974619 2.1919
99 0.839906 2.14123
100 0.911834 2.16829
101 0.871673 2.15318
102 0.834903 2.13935
103 0.946727 2.18141
104 0.827757 2.13666
105 0.877227 2.15527
106 1.01363 2.20657
107 0.916671 2.14447
108 0.95954 2.18623
109 0.974711 2.19193
110 0.756169 2.10974
111 0.925371 2.17337
112 0.879086 2.15597
113 0.900441 2.164
114 0.920569 2.17157
115 0.977806 2.1931
116 0.890747 2.16035
117 0.975471 2.19222
118 0.919626 2.17121
119 0.882181 2.15713
120 0.92194 2.17209
121 0.897674 2.16296
122 0.873536 2.15388
123 0.947537 2.18171
124 0.912067 2.16837
125 0.975464 2.19222
126 0.942631 2.17987
127 0.928189 2.17444
128 0.943089 2.18004
129 0.934429 2.17678
130 0.915367 2.16961
131 0.849353 2.14479
132 0.93626 2.17747
133 0.901544 2.16441
134 0.943987 2.18038
135 0.908164 2.16691
136 0.975616 2.19227
137 0.90717 2.16653
138 0.945836 2.18107
139 0.962917 2.1875
140 0.91165 2.16822
141 0.892551 2.16103
142 0.863611 2.15015
143 0.920523 2.17155
144 0.883381 2.15758
145 0.961881 2.18711
146 0.842999 2.14239
147 0.897263 2.1628
148 0.877184 2.15525
149 0.994609 2.19942
150 0.91898 2.17097
151 0.981254 2.1944
152 0.893597 2.16142
153 1.01188 2.20591
154 0.995947 2.17759
155 0.945799 2.16633
156 0.904021 2.16534
157 0.875461 2.1546
158 0.92296 2.17247
159 1.00067 2.20169
160 1.0136 2.20531
161 0.877436 2.12848
162 0.98737 2.19669
163 0.885961 2.15855
164 0.974383 2.19181
165 0.941523 2.17945
166 0.97195 2.19089
167 0.833266 2.13874
168 0.991461 2.19823
169 0.894823 2.16188
170 0.953507 2.18396
171 0.928209 2.17444
172 0.883487 2.15762
173 0.895541 2.16215
174 0.928381 2.17451
175 0.936283 2.17748
176 0.983007 2.19506
177 0.923994 2.17286
178 0.990039 2.1977
179 0.813681 2.13137
180 0.945674 2.18101
181 1.01016 2.20526
182 0.90953 2.1483
183 0.885383 2.15834
184 1.02401 2.21048
185 0.873003 2.10848
186 0.984719 2.1957
187 0.897144 2.16276
188 0.972301 2.19102
189 0.890739 2.16035
190 0.90005 2.16385
191 0.942426 2.17979
192 0.95116 2.18308
193 0.877771 2.15547
194 0.990864 2.19801
195 0.92225 2.1722
196 0.910426 2.16775
197 0.894356 2.16171
198 0.874886 2.15439
199 0.927739 2.17427
200 0.866743 2.15132
201 0.85142 2.14556
202 0.83542 2.13954
203 0.946783 2.18143
204 0.922056 2.17213
205 0.940476 2.17906
206 0.921457 2.17191
207 0.957373 2.18541
208 0.921536 2.17193
209 0.853941 2.14651
210 0.898884 2.16341
211 0.995493 2.19975
212 0.980704 2.19419
213 0.982136 2.19473
214 0.952967 2.18375
215 0.849479 2.14483
216 0.89315 2.16126
217 0.94464 2.18062
218 0.943919 2.18035
219 0.885016 2.1582
220 1.06522 2.22598
221 0.872901 2.03094
222 0.885604 2.15842
223 0.865944 2.15102
224 0.88156 2.1569
225 0.874633 2.15429
226 0.928986 2.17473
227 0.923247 2.17258
228 0.992126 2.19848
229 0.903774 2.16525
230 0.968617 2.18964
231 1.02124 2.20943
232 0.903813 2.12531
233 0.880091 2.15635
234 0.950547 2.18285
235 0.883347 2.15757
236 0.914136 2.16915
237 0.892099 2.16086
238 0.967847 2.18935
239 0.898021 2.16309
240 0.843573 2.14261
241 0.970487 2.19034
242 0.941587 2.17947
243 1.0133 2.20645
244 0.890036 2.13505
245 0.848313 2.1444
246 0.882404 2.15722
247 0.952756 2.18368
248 0.894547 2.16178
249 0.923549 2.17269
250 0.904517 2.16553
251 0.988717 2.1972
252 0.823123 2.13492
253 0.88062 2.15654
254 0.90884 2.16716
255 0.830997 2.13788
256 0.859131 2.14846
257 0.914189 2.16917
258 0.948366 2.18203
259 0.959069 2.18605
260 0.920181 2.17142
261 0.863277 2.15002
262 0.862149 2.1496
263 0.836039 2.13978
264 0.998231 2.20078
265 0.864044 2.15031
266 0.948749 2.18217
267 0.856084 2.14732
268 0.96361 2.18776
269 0.85422 2.14662
270 0.940471 2.17906
271 0.893414 2.16136
272 0.920871 2.17169
273 0.937586 2.17797
274 0.957953 2.18563
275 0.938907 2.17847
276 0.995759 2.19985
277 0.89445 2.16175
278 0.84867 2.14453
279 0.827234 2.13646
280 1.01368 2.20659
281 0.911377 2.14237
282 0.929664 2.17499
283 0.975953 2.1924
284 0.93089 2.17545
285 0.82478 2.13554
286 0.987734 2.19683
287 0.873661 2.15393
288 0.854543 2.14674
289 0.811257 2.13046
290 0.910737 2.16787
291 0.987191 2.19663
292 0.940609 2.17911
293 0.922374 2.17225
294 0.939251 2.17859
295 0.95111 2.18305
296 0.913236 2.16881
297 0.90971 2.16748
298 0.884379 2.15796
299 0.833516 2.13883
300 0.92233 2.17223
301 0.857136 2.14771
302 0.970133 2.19021
303 0.922411 2.17226
304 1.04919 2.21994
305 0.841827 2.04937
306 0.900519 2.16403
307 0.883933 2.15779
308 0.909179 2.16729
309 0.861543 2.14937
310 1.00947 2.205
311 0.877787 2.13766
312 0.918879 2.17093
313 0.967237 2.18912
314 0.826097 2.13604
315 0.794577 2.12418
316 0.8877 2.15921
317 0.918471 2.17078
318 1.05688 2.22284
319 0.812287 2.02374
320 0.801207 2.12667
321 0.90828 2.16695
322 0.882517 2.15726
323 0.894114 2.16162
324 0.964536 2.1881
325 0.989717 2.19757
326 0.953323 2.18389
327 0.879491 2.15612
328 0.861587 2.14938
329 0.89346 2.16137
330 0.861677 2.14942
331 0.910629 2.16783
332 0.899561 2.16367
333 0.935763 2.17728
334 0.890154 2.16013
335 0.884486 2.158
336 0.914386 2.16924
337 0.835261 2.13948
338 0.900656 2.16408
339 0.887903 2.15928
340 0.84748 2.14408
341 0.970783 2.19046
342 0.826743 2.13628
343 0.921404 2.17188
344 0.908839 2.16716
345 0.852119 2.14582
346 0.934649 2.17687
347 0.935261 2.1771
348 0.763656 2.11256
349 0.907351 2.1666
350 0.960797 2.1867
351 0.923396 2.17263
352 1.02313 2.21014
353 0.849861 2.10143
354 0.832449 2.13843
355 0.87142 2.15308
356 0.848169 2.14434
357 0.935907 2.17734
358 0.873796 2.15398
359 0.938617 2.17836
360 0.947536 2.18171
361 1.01879 2.20851
362 0.994391 2.16401
363 0.844939 2.1183
364 0.923077 2.17251
365 0.931224 2.17557
366 0.919786 2.17127
367 0.926923 2.17396
368 0.800583 2.12644
369 0.840283 2.14138
370 0.890249 2.16016
371 0.870386 2.15269
372 0.930663 2.17537
373 0.789411 2.12224
374 0.952583 2.18361
375 0.971209 2.19062
376 0.956037 2.18491
377 0.831486 2.13806
378 0.912016 2.16835
379 0.957597 2.1855
380 0.873064 2.1537
381 0.947387 2.18166
382 1.02047 2.20914
383 0.90093 2.12567
384 1.03051 2.21292
385 0.765736 2.05585
386 0.949781 2.18256
387 0.967793 2.18933
388 0.899991 2.16383
389 0.98745 2.19672
390 1.0055 2.20351
391 0.959924 2.17602
392 0.863211 2.15
393 0.954089 2.18418
394 0.969709 2.19005
395 0.976244 2.19251
396 0.968471 2.18959
397 0.945063 2.18078
398 1.00337 2.20271
399 0.935381 2.1708
400 0.855561 2.14712
401 0.883214 2.15752
402 0.928789 2.17466
403 0.88 2.15631
404 0.902124 2.16463
405 0.885579 2.15841
406 0.94441 2.18054
407 0.827851 2.1367
408 0.895464 2.16213
409 0.915403 2.16963
410 0.941244 2.17935
411 0.784491 2.12039
412 1.02395 2.21045
413 0.892376 2.11591
414 0.974243 2.19176
415 0.95133 2.18314
416 0.903074 2.16499
417 0.927146 2.17405
418 0.944026 2.18039
419 0.845897 2.14349
420 0.907056 2.16649
421 0.886781 2.15886
422 0.8981 2.16312
423 0.869951 2.15253
424 0.975491 2.19223
425 0.883759 2.15773
426 0.845104 2.14318
427 0.88525 2.15829
428 0.982384 2.19482
429 0.960154 2.18646
430 0.956086 2.18493
431 1.00721 2.20416
432 0.862613 2.13619
433 0.937707 2.17802
434 0.935216 2.17708
435 0.96924 2.18987
436 0.842577 2.14224
437 0.95037 2.18278
438 0.83376 2.13892
439 0.94343 2.18017
440 0.894936 2.16193
441 0.827057 2.1364
442 0.90846 2.16702
443 0.826471 2.13618
444 0.852233 2.14587
445 0.896081 2.16236
446 0.887631 2.15918
447 1.01403 2.20672
448 0.827227 2.11004
449 0.956329 2.18502
450 0.89455 2.16179
451 0.931459 2.17566
452 1.02153 2.20954
453 1.01169 2.16538
454 0.866794 2.08882
455 0.902881 2.16492
456 0.889256 2.15979
457 0.938129 2.17818
458 0.880964 2.15668
459 0.877667 2.15543
460 1.0029 2.20254
461 0.865271 2.14532
462 0.922067 2.17213
463 0.902329 2.16471
464 0.877266 2.15529
465 0.892026 2.16083
466 0.964881 2.18824
467 0.842559 2.14223
468 0.898071 2.16311
469 0.949621 2.1825
470 0.971733 2.19082
471 0.887296 2.15905
472 0.961373 2.18692
473 0.939891 2.17884
474 0.860093 2.14882
475 0.931981 2.17586
476 0.889331 2.15982
477 0.902256 2.16468
478 0.87982 2.15624
479 0.887917 2.15929
480 1.01052 2.2054
481 0.891017 2.14065
482 0.91825 2.1707
483 0.889597 2.15992
484 0.895436 2.16212
485 0.901916 2.16455
486 0.782929 2.1198
487 0.896014 2.16234
488 0.836406 2.13991
489 0.917907 2.17057
490 0.827176 2.13644
491 0.918181 2.17067
492 0.821253 2.13421
493 0.917393 2.17038
494 0.922773 2.1724
495 0.92073 2.17163
496 1.03394 2.21421
497 0.941183 2.11549
498 0.874857 2.15438
499 0.886323 2.15869
500 1.05176 2.22091
501 0.882824 2.05999
502 0.860493 2.14898
503 0.888593 2.15954
504 0.96434 2.18803
505 0.890597 2.1603
506 0.884207 2.15789
507 0.996679 2.2002
508 0.840824 2.14158
509 0.786669 2.12121
510 0.958091 2.18568
511 0.929803 2.17504
512 0.853651 2.1464
513 0.964873 2.18823
514 0.859904 2.14875
515 0.75665 2.10992
516 0.928526 2.17456
517 0.959843 2.18634
518 0.980923 2.19427
519 0.907416 2.16662
520 0.90024 2.16393
521 0.921656 2.17198
522 0.997551 2.20052
523 0.974051 2.19168
524 0.872437 2.15346
525 0.88593 2.15854
526 1.02642 2.21138
527 0.911927 2.11862
528 0.941487 2.17944
529 0.826501 2.13619
530 0.991867 2.19838
531 0.895544 2.16216
532 0.85312 2.1462
533 0.909074 2.16725
534 0.985429 2.19596
535 0.906461 2.16626
536 0.841109 2.14168
537 0.847383 2.14404
538 0.87613 2.15486
539 0.869523 2.15237
540 0.924946 2.17321
541 0.884789 2.15811
542 0.853419 2.14631
543 0.965707 2.18855
544 0.941921 2.1796
545 0.892824 2.16114
546 0.797551 2.1253
547 1.06503 2.2259
548 0.849301 2.02239
549 0.848953 2.14464
550 0.854179 2.1466
551 0.841224 2.14173
552 0.856256 2.14738
553 0.880919 2.15665
554 1.04826 2.2196
555 0.811989 2.03985
556 0.915473 2.16965
557 0.864586 2.15051
558 0.985747 2.19608
559 0.917916 2.17057
560 0.883443 2.15761
561 0.936126 2.17742
562 0.870139 2.1526
563 0.932897 2.17621
564 0.902454 2.16476
565 0.88674 2.15884
566 0.920526 2.17155
567 0.888679 2.15957
568 0.917389 2.17037
569 0.916721 2.17012
570 0.880291 2.15642
571 0.987129 2.1966
572 0.824303 2.13536
573 0.988544 2.19713
574 0.86348 2.1501
575 0.898024 2.16309
576 0.8882 2.15939
577 0.901163 2.16427
578 0.883569 2.15766
579 0.915987 2.16985
580 0.790097 2.1225
581 1.00349 2.20276
582 0.877219 2.1487
583 0.889854 2.16002
584 0.947797 2.18181
585 0.99763 2.20056
586 0.882094 2.1571
587 0.880894 2.15665
588 0.924401 2.17301
589 0.978446 2.19334
590 0.94341 2.18016
591 0.946831 2.18145
592 0.930117 2.17516
593 0.964116 2.18795
594 0.829457 2.1373
595 0.849606 2.14488
596 0.92296 2.17247
597 0.912936 2.1687
598 0.93782 2.17806
599 0.914961 2.16946
600 0.889084 2.15973
601 0.866926 2.15139
602 0.895173 2.16202
603 0.872987 2.15367
604 0.998556 2.2009
605 0.855056 2.14693
606 0.980143 2.19398
607 0.931494 2.17568
608 0.845673 2.1434
609 0.951596 2.18324
610 0.887621 2.15918
611 0.935881 2.17733
612 0.870337 2.15268
613 0.892184 2.1609
614 0.98493 2.19578
615 0.970917 2.19051
616 0.946294 2.18125
617 0.963579 2.18775
618 1.03157 2.21332
619 0.871109 2.09355
620 0.94816 2.18195
621 0.942024 2.17964
622 0.861434 2.14933
623 0.867134 2.15147
624 1.02442 2.21063
625 0.840131 2.09534
626 0.877554 2.15539
627 0.96285 2.18747
628 0.93055 2.17532
629 0.916741 2.17013
630 0.870793 2.15285
631 0.939504 2.17869
632 1.01561 2.20731
633 0.79753 2.09588
634 0.907289 2.16658
635 0.936291 2.17748
636 0.852543 2.14598
637 0.910114 2.16764
638 0.875159 2.15449
639 0.914461 2.16927
640 0.862639 2.14978
641 0.860831 2.1491
642 0.87829 2.15567
643 0.944164 2.18044
644 0.907734 2.16674
645 0.891457 2.16062
646 0.836326 2.13989
647 0.961667 2.18703
648 0.855073 2.14694
649 0.825679 2.13588
650 0.874133 2.1541
651 0.923179 2.17255
652 0.870454 2.15272
653 0.85282 2.14609
654 0.85515 2.14696
655 0.976217 2.1925
656 0.867617 2.15165
657 0.937181 2.17782
658 0.953 2.18377
659 0.904154 2.16539
660 0.884686 2.15807
661 0.911861 2.16829
662 0.919754 2.17126
663 0.969737 2.19006
664 0.884994 2.15819
665 0.874364 2.15419
666 0.777184 2.11764
667 0.921424 2.17189
668 0.809927 2.12996
669 0.830736 2.13778
670 0.965866 2.1886
671 0.87966 2.15618
672 0.921816 2.17204
673 0.910783 2.16789
674 0.928567 2.17458
675 0.888937 2.15967
676 0.75396 2.10891
677 0.962927 2.1875
678 0.905073 2.16574
679 1.04266 2.21749
680 0.762919 2.03189
681 0.837197 2.14021
682 0.945559 2.18097
683 0.905841 2.16603
684 0.959841 2.18634
685 0.926499 2.1738
686 0.844426 2.14293
687 0.79251 2.12341
688 0.896304 2.16245
689 0.865356 2.1508
690 0.859897 2.14875
691 0.906793 2.16639
692 0.953473 2.18395
693 0.821676 2.13437
694 0.835307 2.1395
695 0.80242 2.12713
696 0.98166 2.19454
697 0.95828 2.18575
698 0.815186 2.13193
699 0.886601 2.15879
700 0.944749 2.18066
701 0.941504 2.17944
702 0.877089 2.15521
703 0.912209 2.16842
704 0.932816 2.17617
705 0.94139 2.1794
706 1.03163 2.21334
707 0.84074 2.082
708 0.906791 2.16639
709 0.901356 2.16434
710 0.698026 2.08787
711 0.85999 2.14878
712 0.85924 2.1485
713 0.940754 2.17916
714 0.920497 2.17154
715 0.89624 2.16242
716 0.818363 2.13313
717 0.784599 2.12043
718 0.960029 2.18641
719 0.945019 2.18077
720 0.911971 2.16834
721 0.93367 2.1765
722 1.01799 2.20821
723 0.844791 2.10918
724 0.855391 2.14706
725 0.849027 2.14466
726 0.94746 2.18169
727 0.882744 2.15734
728 0.931537 2.1757
729 0.965684 2.18854
730 0.986633 2.19641
731 0.899073 2.16349
732 0.89845 2.16325
733 0.819033 2.13338
734 0.933449 2.17642
735 0.883943 2.15779
736 0.902246 2.16468
737 0.875847 2.15475
738 0.953997 2.18414
739 0.87586 2.15476
740 0.89745 2.16288
741 0.782299 2.11956
742 0.869184 2.15224
743 0.954847 2.18446
744 0.850424 2.14519
745 0.893804 2.16151
746 0.917134 2.17028
747 0.941731 2.17953
748 0.846569 2.14373
749 1.02077 2.20926
750 0.842066 2.10293
751 0.930753 2.1754
752 0.9128 2.16865
753 0.810204 2.13006
754 0.910447 2.16776
755 0.925256 2.17333
756 0.96001 2.1864
757 0.898924 2.16343
758 0.8319 2.13822
759 0.846563 2.14373
760 0.873027 2.15369
761 0.861461 2.14934
762 0.878221 2.15564
763 0.885941 2.15855
764 0.978747 2.19345
765 0.8641 2.15033
766 0.847306 2.14402
767 0.998879 2.20102
768 0.83636 2.1399
769 0.949386 2.18241
770 0.964353 2.18804
771 0.823974 2.13524
772 1.0492 2.21995
773 0.829779 2.04479
774 0.937406 2.1779
775 0.859079 2.14844
776 0.93259 2.17609
777 1.00394 2.20293
778 0.880566 2.14911
779 0.908989 2.16721
780 0.80263 2.12721
781 1.03061 2.21296
782 0.931301 2.11803
783 0.822751 2.13478
784 0.869704 2.15244
785 0.882829 2.15738
786 0.896191 2.1624
787 0.924147 2.17292
788 0.748984 2.10703
789 0.86508 2.1507
790 0.884184 2.15789
791 0.87317 2.15374
792 0.920196 2.17143
793 0.887269 2.15905
794 1.00431 2.20306
795 1.0384 2.20779
796 0.757663 2.02982
797 0.959596 2.18625
798 0.846377 2.14366
799 0.872109 2.15334
800 0.846163 2.14359
801 0.805804 2.12841
802 0.834463 2.13919
803 0.824517 2.13544
804 0.88222 2.15714
805 0.895934 2.1623
806 0.898163 2.16314
807 0.83399 2.13901
808 0.811441 2.13052
809 0.958193 2.18572
810 0.851904 2.14574
811 0.925769 2.17352
812 0.984021 2.19544
813 0.896344 2.16246
814 0.90972 2.16749
815 0.823683 2.13513
816 0.871691 2.15318
817 0.93986 2.17882
818 0.96838 2.18955
819 0.927257 2.17408
820 0.894176 2.16164
821 0.918926 2.17095
822 0.846056 2.14354
823 0.948949 2.18225
824 0.906373 2.16623
825 0.97913 2.19359
826 0.867794 2.15172
827 0.872389 2.15345
828 0.912177 2.16841
829 0.990339 2.19781
830 0.890737 2.16035
831 0.882009 2.15707
832 0.780679 2.11896
833 0.936067 2.1774
834 0.932647 2.17611
835 0.873481 2.15386
836 0.854971 2.1469
837 0.89936 2.16359
838 0.90984 2.16753
839 0.94018 2.17895
840 0.85161 2.14563
841 0.941917 2.1796
842 0.869417 2.15233
843 0.91513 2.16952
844 0.930417 2.17527
845 0.893544 2.16141
846 0.934807 2.17692
847 0.949444 2.18243
848 0.891637 2.16069
849 0.96467 2.18816
850 0.873423 2.15384
851 0.891109 2.16049
852 0.872689 2.15356
853 0.976673 2.19267
854 0.865979 2.15104
855 1.11758 2.24567
856 0.740889 1.88256
857 0.94932 2.18238
858 0.908391 2.16699
859 0.84533 2.14327
860 1.03196 2.21346
861 0.870844 2.09271
862 0.896503 2.16252
863 0.904893 2.16567
864 1.08998 2.23529
865 0.814716 1.96241
866 0.787789 2.12163
867 0.9245 2.17305
868 1.04077 2.21678
869 0.829331 2.06049
870 1.01209 2.206
871 0.907749 2.14399
872 0.945196 2.18083
873 0.941129 2.1793
874 0.948136 2.18194
875 0.854471 2.14671
876 0.939517 2.1787
877 0.914654 2.16934
878 0.962471 2.18733
879 0.856489 2.14747
880 0.901627 2.16445
881 0.961184 2.18684
882 0.970604 2.19039
883 0.878887 2.15589
884 0.910739 2.16787
885 0.942511 2.17982
886 0.983497 2.19524
887 1.01701 2.20784
888 0.856527 2.11545
889 0.998674 2.20095
890 1.01565 2.20733
891 0.868009 2.12233
892 0.934919 2.17697
893 0.987916 2.1969
894 0.942283 2.17974
895 0.82838 2.1369
896 1.03511 2.21465
897 0.735433 2.03576
898 0.945416 2.18092
899 0.846654 2.14377
900 0.944451 2.18055
901 1.00733 2.2042
902 0.905257 2.15202
903 0.975771 2.19233
904 0.93929 2.17861
905 0.92135 2.17186
906 0.970201 2.19024
907 0.848871 2.1446
908 0.937097 2.17779
909 0.88783 2.15926
910 0.95822 2.18573
911 0.893176 2.16127
912 0.95594 2.18487
913 0.941633 2.17949
914 0.858061 2.14806
915 0.927149 2.17405
916 0.907727 2.16674
917 0.945344 2.18089
918 0.964666 2.18815
919 0.950249 2.18273
920 0.883683 2.15769
921 0.910411 2.16775
922 0.902163 2.16465
923 0.880814 2.15662
924 0.971544 2.19074
925 0.886237 2.15866
926 0.926833 2.17392
927 0.953144 2.18382
928 0.907303 2.16658
929 0.970949 2.19052
930 0.966824 2.18897
931 0.895944 2.16231
932 0.909399 2.16737
933 0.894139 2.16163
934 0.800196 2.12629
935 0.79757 2.12531
936 0.951529 2.18321
937 0.91719 2.1703
938 0.834411 2.13916
939 0.946496 2.18132
940 0.8928 2.16113
941 0.890004 2.16008
942 1.01337 2.20647
943 0.809517 2.10461
944 0.856283 2.14739
945 0.977376 2.19294
946 0.873417 2.15383
947 0.916233 2.16994
948 0.940117 2.17892
949 0.827803 2.13668
950 0.907261 2.16657
951 0.962951 2.18751
952 0.830811 2.13781
953 0.90966 2.16747
954 0.86289 2.14988
955 0.955264 2.18462
956 0.991347 2.19819
957 0.969087 2.18982
958 1.01469 2.20697
959 0.891344 2.13294
960 0.851571 2.14562
961 0.868903 2.15214
962 0.855886 2.14724
963 0.853286 2.14627
964 0.828157 2.13681
965 1.0228 2.21002
966 0.96861 2.14678
967 0.967283 2.18914
968 0.841009 2.14165
969 1.00433 2.20307
970 0.879054 2.1478
971 0.915883 2.16981
972 0.998114 2.20074
973 0.842941 2.14237
974 0.940793 2.17918
975 0.94148 2.17944
976 0.878047 2.15558
977 0.884267 2.15791
978 0.8543 2.14664
979 0.931784 2.17579
980 1.02865 2.21222
981 0.862626 2.09584
982 1.03916 2.21617
983 0.942984 2.10637
984 0.903743 2.16524
985 0.880831 2.15662
986 0.904666 2.16559
987 0.899939 2.16381
988 0.924719 2.17313
989 0.983251 2.19514
990 0.794394 2.12412
991 0.982004 2.19468
992 0.942586 2.17985
993 0.9144 2.16925
994 0.928253 2.17446
995 0.890737 2.16035
996 0.92935 2.17487
997 0.930774 2.17541
998 0.939783 2.1788
999 0.92039 2.1715
1000 0.752567 2.31287
1001 0.71024 2.29058
1002 0.705714 2.28819
1003 0.792967 2.33414
1004 0.682804 2.27613
1005 0.622121 2.24418
1006 0.676237 2.27267
1007 0.75289 2.31304
1008 0.711316 2.29115
1009 0.672 2.27044
1010 0.637501 2.25228
1011 0.664864 2.26669
1012 0.730433 2.30121
1013 0.735666 2.30397
1014 0.736506 2.30441
1015 0.758596 2.31604
1016 0.643217 2.25529
1017 0.70715 2.28895
1018 0.741501 2.30704
1019 0.70679 2.28876
1020 0.743939 2.30832
1021 0.729097 2.30051
1022 0.694517 2.2823
1023 0.741884 2.30724
1024 0.591256 2.22793
1025 0.722919 2.29725
1026 0.659643 2.26394
1027 0.66674 2.26767
1028 0.63284 2.24982
1029 0.728237 2.30006
1030 0.656259 2.26216
1031 0.714569 2.29286
1032 0.654087 2.26101
1033 0.744741 2.30875
1034 0.761933 2.3178
1035 0.681839 2.27563
1036 0.625477 2.24595
1037 0.662544 2.26547
1038 0.713526 2.29231
1039 0.7645 2.31915
1040 0.754394 2.31383
1041 0.647759 2.25768
1042 0.700034 2.28521
1043 0.747771 2.31034
1044 0.688534 2.27915
1045 0.668089 2.26838
1046 0.70059 2.2855
1047 0.620217 2.24317
1048 0.696131 2.28315
1049 0.675656 2.27237
1050 0.609751 2.23766
1051 0.714976 2.29307
1052 0.727003 2.29941
1053 0.63274 2.24977
1054 0.662451 2.26542
1055 0.662899 2.26565
1056 0.715779 2.29349
1057 0.706839 2.28879
1058 0.73632 2.30431
1059 0.624693 2.24553
1060 0.609333 2.23744
1061 0.652586 2.26022
1062 0.669571 2.26916
1063 0.711139 2.29105
1064 0.631937 2.24935
1065 0.689051 2.27942
1066 0.676214 2.27266
1067 0.700094 2.28523
1068 0.750783 2.31193
1069 0.608521 2.23701
1070 0.683536 2.27652
1071 0.719511 2.29546
1072 0.75654 2.31496
1073 0.696391 2.28329
1074 0.664623 2.26656
1075 0.717581 2.29445
1076 0.657483 2.2628
1077 0.741959 2.30728
1078 0.670626 2.26972
1079 0.67605 2.27257
1080 0.672076 2.27048
1081 0.543216 2.20263
1082 0.675579 2.27232
1083 0.675746 2.27241
1084 0.699283 2.28481
1085 0.668953 2.26884
1086 0.71185 2.29143
1087 0.6992 2.28477
1088 0.649434 2.25856
1089 0.644666 2.25605
1090 0.68976 2.27979
1091 0.631704 2.24923
1092 0.581897 2.223
1093 0.725119 2.29841
1094 0.651644 2.25972
1095 0.64123 2.25424
1096 0.667959 2.26832
1097 0.672079 2.27048
1098 0.730964 2.30149
1099 0.62993 2.24829
1100 0.683876 2.2767
1101 0.653756 2.26084
1102 0.626177 2.24632
1103 0.710046 2.29047
1104 0.620817 2.24349
1105 0.65792 2.26303
1106 0.760219 2.3169
1107 0.697937 2.2841
1108 0.719656 2.29554
1109 0.731033 2.30152
1110 0.567127 2.21522
1111 0.694029 2.28204
1112 0.659316 2.26376
1113 0.675331 2.2722
1114 0.690426 2.28015
1115 0.733354 2.30275
1116 0.66806 2.26837
1117 0.731604 2.30183
1118 0.68972 2.27977
1119 0.661636 2.26499
1120 0.691454 2.28069
1121 0.673257 2.2711
1122 0.655153 2.26157
1123 0.710653 2.29079
1124 0.68405 2.27679
1125 0.731599 2.30183
1126 0.706974 2.28886
1127 0.696141 2.28315
1128 0.707317 2.28904
1129 0.700821 2.28562
1130 0.686526 2.27809
1131 0.637014 2.25202
1132 0.702194 2.28634
1133 0.676159 2.27263
1134 0.70799 2.28939
1135 0.681123 2.27525
1136 0.731711 2.30188
1137 0.680377 2.27486
1138 0.709377 2.29012
1139 0.722189 2.29687
1140 0.683737 2.27663
1141 0.669414 2.26908
1142 0.647709 2.25765
1143 0.690393 2.28013
1144 0.662537 2.26546
1145 0.721411 2.29646
1146 0.632249 2.24951
1147 0.672947 2.27094
1148 0.657889 2.26301
1149 0.745956 2.30938
1150 0.689236 2.27952
1151 0.735941 2.30411
1152 0.670199 2.26949
1153 0.75891 2.3162
1154 0.756824 2.31511
1155 0.715493 2.29335
1156 0.678017 2.27361
1157 0.656596 2.26233
1158 0.69222 2.28109
1159 0.750501 2.31178
1160 0.760761 2.31718
1161 0.668546 2.26862
1162 0.740529 2.30652
1163 0.664471 2.26648
1164 0.730787 2.3014
1165 0.706143 2.28842
1166 0.728963 2.30044
1167 0.62495 2.24567
1168 0.743596 2.30814
1169 0.671117 2.26998
1170 0.71513 2.29315
1171 0.696156 2.28316
1172 0.662616 2.2655
1173 0.671656 2.27026
1174 0.696286 2.28323
1175 0.702213 2.28635
1176 0.737256 2.3048
1177 0.692996 2.2815
1178 0.74253 2.30758
1179 0.610261 2.23793
1180 0.709256 2.29006
1181 0.757621 2.31553
1182 0.689839 2.27984
1183 0.664037 2.26625
1184 0.76801 2.321
1185 0.67247 2.27069
1186 0.738539 2.30548
1187 0.672859 2.27089
1188 0.729226 2.30057
1189 0.668054 2.26837
1190 0.675037 2.27204
1191 0.70682 2.28878
1192 0.71337 2.29222
1193 0.658329 2.26324
1194 0.743149 2.3079
1195 0.691687 2.28081
1196 0.68282 2.27614
1197 0.670767 2.2698
1198 0.656164 2.26211
1199 0.695804 2.28298
1200 0.650057 2.25889
1201 0.638566 2.25284
1202 0.626566 2.24652
1203 0.710087 2.2905
1204 0.691541 2.28073
1205 0.705357 2.28801
1206 0.691093 2.2805
1207 0.71803 2.29468
1208 0.691151 2.28053
1209 0.640457 2.25383
1210 0.674164 2.27158
1211 0.74662 2.30974
1212 0.735529 2.30389
1213 0.736603 2.30446
1214 0.714726 2.29294
1215 0.637109 2.25207
1216 0.669863 2.26932
1217 0.70848 2.28965
1218 0.707939 2.28936
1219 0.663761 2.2661
1220 0.798919 2.33727
1221 0.705134 2.28789
1222 0.664204 2.26634
1223 0.649459 2.25857
1224 0.66117 2.26474
1225 0.655974 2.26201
1226 0.69674 2.28347
1227 0.692436 2.2812
1228 0.744096 2.30841
1229 0.677831 2.27351
1230 0.726463 2.29912
1231 0.765929 2.3199
1232 0.694031 2.28204
1233 0.660069 2.26416
1234 0.71291 2.29198
1235 0.66251 2.26544
1236 0.685601 2.2776
1237 0.669074 2.2689
1238 0.725886 2.29882
1239 0.673517 2.27124
1240 0.63268 2.24974
1241 0.727866 2.29986
1242 0.70619 2.28845
1243 0.759976 2.31677
1244 0.677411 2.27329
1245 0.636236 2.25161
1246 0.661804 2.26508
1247 0.714567 2.29286
1248 0.670911 2.26987
1249 0.692661 2.28132
1250 0.678389 2.2738
1251 0.741539 2.30706
1252 0.617343 2.24166
1253 0.660466 2.26437
1254 0.68163 2.27551
1255 0.623249 2.24477
1256 0.644349 2.25589
1257 0.685641 2.27763
1258 0.711274 2.29112
1259 0.719301 2.29535
1260 0.690136 2.27999
1261 0.647459 2.25752
1262 0.646611 2.25707
1263 0.627029 2.24676
1264 0.748674 2.31081
1265 0.648034 2.25782
1266 0.711561 2.29127
1267 0.642063 2.25468
1268 0.722707 2.29714
1269 0.640666 2.25394
1270 0.705354 2.28801
1271 0.67006 2.26942
1272 0.690654 2.28027
1273 0.70319 2.28687
1274 0.718466 2.29491
1275 0.704181 2.28739
1276 0.74682 2.30984
1277 0.670839 2.26983
1278 0.636503 2.25175
1279 0.620427 2.24329
1280 0.760263 2.31692
1281 0.69395 2.282
1282 0.697249 2.28374
1283 0.731966 2.30202
1284 0.698167 2.28422
1285 0.618586 2.24232
1286 0.7408 2.30667
1287 0.655247 2.26162
1288 0.640907 2.25407
1289 0.608443 2.23698
1290 0.683053 2.27626
1291 0.740394 2.30646
1292 0.705457 2.28806
1293 0.691781 2.28086
1294 0.704439 2.28752
1295 0.713333 2.29221
1296 0.684927 2.27725
1297 0.682283 2.27586
1298 0.663284 2.26585
1299 0.625137 2.24577
1300 0.691749 2.28084
1301 0.642853 2.25509
1302 0.7276 2.29972
1303 0.691809 2.28087
1304 0.78689 2.33094
1305 0.667384 2.26801
1306 0.675389 2.27223
1307 0.66295 2.26568
1308 0.681884 2.27565
1309 0.646157 2.25684
1310 0.7571 2.31525
1311 0.66525 2.26689
1312 0.689159 2.27948
1313 0.725427 2.29858
1314 0.619573 2.24284
1315 0.595933 2.23039
1316 0.665776 2.26717
1317 0.688854 2.27932
1318 0.792664 2.33398
1319 0.649767 2.25873
1320 0.600906 2.23301
1321 0.68121 2.27529
1322 0.661889 2.26512
1323 0.670586 2.2697
1324 0.723401 2.29751
1325 0.742289 2.30745
1326 0.714993 2.29308
1327 0.659619 2.26392
1328 0.646191 2.25685
1329 0.670096 2.26944
1330 0.646259 2.25689
1331 0.682971 2.27622
1332 0.674671 2.27185
1333 0.701823 2.28615
1334 0.667616 2.26813
1335 0.663364 2.2659
1336 0.68579 2.2777
1337 0.626447 2.24646
1338 0.675491 2.27228
1339 0.665927 2.26724
1340 0.63561 2.25128
1341 0.728087 2.29997
1342 0.620057 2.24309
1343 0.691054 2.28048
1344 0.681629 2.27551
1345 0.639089 2.25311
1346 0.700987 2.28571
1347 0.701447 2.28595
1348 0.572741 2.21818
1349 0.680514 2.27493
1350 0.720597 2.29603
1351 0.692547 2.28126
1352 0.767346 2.32065
1353 0.65399 2.26096
1354 0.624337 2.24535
1355 0.653566 2.26074
1356 0.636126 2.25155
1357 0.70193 2.2862
1358 0.655347 2.26167
1359 0.703963 2.28727
1360 0.710651 2.29079
1361 0.764093 2.31893
1362 0.761491 2.31756
1363 0.643003 2.25518
1364 0.692309 2.28114
1365 0.698419 2.28435
1366 0.68984 2.27984
1367 0.695193 2.28265
1368 0.600437 2.23276
1369 0.630213 2.24844
1370 0.667687 2.26817
1371 0.65279 2.26033
1372 0.697997 2.28413
1373 0.592059 2.22835
1374 0.714437 2.29279
1375 0.728407 2.30014
1376 0.717029 2.29415
1377 0.623614 2.24496
1378 0.684013 2.27677
1379 0.718197 2.29477
1380 0.654799 2.26139
1381 0.71054 2.29073
1382 0.765351 2.3196
1383 0.691219 2.28056
1384 0.77288 2.32356
1385 0.594189 2.22947
1386 0.712337 2.29168
1387 0.725846 2.2988
1388 0.674994 2.27202
1389 0.740587 2.30656
1390 0.754127 2.31368
1391 0.724317 2.29799
1392 0.647409 2.2575
1393 0.715566 2.29338
1394 0.727281 2.29955
1395 0.732183 2.30213
1396 0.726354 2.29906
1397 0.708797 2.28982
1398 0.752529 2.31284
1399 0.704141 2.28737
1400 0.641671 2.25447
1401 0.662411 2.26539
1402 0.696591 2.28339
1403 0.66 2.26412
1404 0.676593 2.27286
1405 0.664184 2.26633
1406 0.708307 2.28956
1407 0.620889 2.24353
1408 0.671599 2.27023
1409 0.686553 2.27811
1410 0.705933 2.28831
1411 0.588369 2.22641
1412 0.76796 2.32097
1413 0.68734 2.27852
1414 0.730683 2.30134
1415 0.713497 2.2923
1416 0.677306 2.27324
1417 0.695359 2.28274
1418 0.70802 2.28941
1419 0.634423 2.25066
1420 0.680291 2.27481
1421 0.665087 2.2668
1422 0.673576 2.27127
1423 0.652464 2.26015
1424 0.731619 2.30184
1425 0.662819 2.26561
1426 0.633829 2.25034
1427 0.663939 2.2662
1428 0.736789 2.30456
1429 0.720116 2.29578
1430 0.717064 2.29417
1431 0.75541 2.31436
1432 0.65212 2.25998
1433 0.70328 2.28691
1434 0.701413 2.28593
1435 0.72693 2.29937
1436 0.631933 2.24935
1437 0.712779 2.29192
1438 0.62532 2.24586
1439 0.707573 2.28917
1440 0.671203 2.27002
1441 0.620293 2.24322
1442 0.681346 2.27537
1443 0.619853 2.24298
1444 0.639176 2.25316
1445 0.672061 2.27048
1446 0.665723 2.26714
1447 0.760521 2.31706
1448 0.630119 2.24839
1449 0.717246 2.29427
1450 0.670913 2.26987
1451 0.698594 2.28445
1452 0.766146 2.32002
1453 0.777124 2.3258
1454 0.674686 2.27186
1455 0.677161 2.27316
1456 0.666941 2.26778
1457 0.703596 2.28708
1458 0.660724 2.2645
1459 0.658251 2.2632
1460 0.752173 2.31266
1461 0.651023 2.25939
1462 0.69155 2.28073
1463 0.676746 2.27294
1464 0.65795 2.26305
1465 0.66902 2.26887
1466 0.723661 2.29765
1467 0.631919 2.24934
1468 0.673553 2.27126
1469 0.712216 2.29162
1470 0.7288 2.30035
1471 0.665471 2.26701
1472 0.72103 2.29626
1473 0.704919 2.28777
1474 0.64507 2.25626
1475 0.698987 2.28465
1476 0.666999 2.26781
1477 0.676693 2.27291
1478 0.659866 2.26405
1479 0.665937 2.26725
1480 0.757891 2.31567
1481 0.676069 2.27258
1482 0.688687 2.27923
1483 0.667199 2.26791
1484 0.671577 2.27022
1485 0.676437 2.27278
1486 0.587196 2.22579
1487 0.67201 2.27045
1488 0.627304 2.24691
1489 0.688431 2.2791
1490 0.620383 2.24326
1491 0.688636 2.2792
1492 0.61594 2.24093
1493 0.688044 2.27889
1494 0.69208 2.28102
1495 0.690549 2.28021
1496 0.775457 2.32492
1497 0.733191 2.30266
1498 0.656143 2.26209
1499 0.664743 2.26662
1500 0.788823 2.33196
1501 0.701984 2.28623
1502 0.64537 2.25642
1503 0.666446 2.26752
1504 0.723256 2.29743
1505 0.667949 2.26831
1506 0.663156 2.26579
1507 0.74751 2.3102
1508 0.630619 2.24865
1509 0.590001 2.22727
1510 0.71857 2.29496
1511 0.697353 2.28379
1512 0.640239 2.25372
1513 0.723654 2.29764
1514 0.644929 2.25619
1515 0.567487 2.21541
1516 0.696394 2.28329
1517 0.719883 2.29566
1518 0.735693 2.30398
1519 0.680563 2.27495
1520 0.67518 2.27212
1521 0.691241 2.28058
1522 0.748164 2.31054
1523 0.730539 2.30127
1524 0.654329 2.26114
1525 0.664449 2.26647
1526 0.769811 2.32195
1527 0.704359 2.28748
1528 0.706116 2.28841
1529 0.619876 2.243
1530 0.7439 2.3083
1531 0.671659 2.27026
1532 0.63984 2.25351
1533 0.681806 2.27561
1534 0.739071 2.30576
1535 0.679846 2.27457
1536 0.630831 2.24876
1537 0.635537 2.25124
1538 0.657099 2.2626
1539 0.652143 2.25999
1540 0.693709 2.28187
1541 0.663591 2.26602
1542 0.640064 2.25362
1543 0.724281 2.29797
1544 0.706441 2.28858
1545 0.669619 2.26919
1546 0.598163 2.23156
1547 0.798771 2.33719
1548 0.685911 2.27777
1549 0.636716 2.25187
1550 0.640634 2.25393
1551 0.630919 2.24881
1552 0.642193 2.25475
1553 0.660689 2.26449
1554 0.786199 2.33058
1555 0.643041 2.25519
1556 0.686604 2.27813
1557 0.648439 2.25804
1558 0.739311 2.30589
1559 0.688437 2.2791
1560 0.662581 2.26548
1561 0.702094 2.28629
1562 0.652604 2.26023
1563 0.699673 2.28501
1564 0.676841 2.27299
1565 0.665054 2.26679
1566 0.690394 2.28013
1567 0.66651 2.26755
1568 0.688041 2.27889
1569 0.687541 2.27863
1570 0.660219 2.26424
1571 0.740346 2.30643
1572 0.618227 2.24213
1573 0.741409 2.30699
1574 0.64761 2.2576
1575 0.673519 2.27124
1576 0.66615 2.26736
1577 0.675873 2.27248
1578 0.662677 2.26553
1579 0.686991 2.27834
1580 0.592573 2.22862
1581 0.752616 2.31289
1582 0.660441 2.26436
1583 0.667391 2.26802
1584 0.710847 2.2909
1585 0.748223 2.31058
1586 0.661571 2.26495
1587 0.660671 2.26448
1588 0.693301 2.28166
1589 0.733834 2.303
1590 0.707557 2.28917
1591 0.710124 2.29052
1592 0.697589 2.28392
1593 0.723087 2.29734
1594 0.622093 2.24417
1595 0.637204 2.25212
1596 0.69222 2.28109
1597 0.684701 2.27713
1598 0.703366 2.28696
1599 0.686221 2.27793
1600 0.666814 2.26771
1601 0.650194 2.25896
1602 0.67138 2.27011
1603 0.65474 2.26135
1604 0.748917 2.31095
1605 0.641293 2.25427
1606 0.735107 2.30368
1607 0.69862 2.28446
1608 0.634254 2.25057
1609 0.713697 2.2924
1610 0.665717 2.26713
1611 0.701911 2.28619
1612 0.652753 2.26031
1613 0.669139 2.26894
1614 0.738699 2.30556
1615 0.728187 2.30003
1616 0.709721 2.2903
1617 0.722684 2.29713
1618 0.773676 2.32398
1619 0.67677 2.27295
1620 0.71112 2.29104
1621 0.706519 2.28862
1622 0.646076 2.25679
1623 0.650351 2.25904
1624 0.768313 2.32115
1625 0.647443 2.25751
1626 0.658166 2.26316
1627 0.722137 2.29684
1628 0.697913 2.28409
1629 0.687557 2.27863
1630 0.653094 2.26049
1631 0.704629 2.28762
1632 0.76171 2.31768
1633 0.608573 2.23704
1634 0.680467 2.2749
1635 0.702219 2.28636
1636 0.639407 2.25328
1637 0.682586 2.27602
1638 0.656369 2.26221
1639 0.685846 2.27773
1640 0.64698 2.25727
1641 0.645623 2.25656
1642 0.658717 2.26345
1643 0.708123 2.28946
1644 0.680801 2.27508
1645 0.668593 2.26865
1646 0.627244 2.24688
1647 0.721251 2.29638
1648 0.641304 2.25428
1649 0.619259 2.24267
1650 0.6556 2.26181
1651 0.692384 2.28117
1652 0.652841 2.26036
1653 0.639616 2.25339
1654 0.641363 2.25431
1655 0.732163 2.30212
1656 0.650713 2.25924
1657 0.702887 2.28671
1658 0.71475 2.29296
1659 0.678116 2.27366
1660 0.663514 2.26597
1661 0.683897 2.27671
1662 0.689816 2.27982
1663 0.727303 2.29956
1664 0.663746 2.2661
1665 0.655773 2.2619
1666 0.582889 2.22352
1667 0.691069 2.28048
1668 0.607446 2.23645
1669 0.623051 2.24467
1670 0.7244 2.29803
1671 0.659746 2.26399
1672 0.691363 2.28064
1673 0.683087 2.27628
1674 0.696426 2.2833
1675 0.666703 2.26766
1676 0.56547 2.21435
1677 0.722196 2.29687
1678 0.678804 2.27402
1679 0.781997 2.32836
1680 0.600286 2.23268
1681 0.627897 2.24722
1682 0.709169 2.29001
1683 0.679381 2.27433
1684 0.719881 2.29566
1685 0.694874 2.28249
1686 0.63332 2.25008
1687 0.594383 2.22957
1688 0.672229 2.27056
1689 0.649017 2.25834
1690 0.644923 2.25618
1691 0.680094 2.27471
1692 0.715106 2.29314
1693 0.616257 2.24109
1694 0.62648 2.24647
1695 0.601814 2.23348
1696 0.736246 2.30427
1697 0.71871 2.29504
1698 0.611389 2.23853
1699 0.664951 2.26673
1700 0.708561 2.28969
1701 0.706129 2.28841
1702 0.657817 2.26297
1703 0.684157 2.27685
1704 0.699613 2.28498
1705 0.706043 2.28837
1706 0.773721 2.324
1707 0.653221 2.26056
1708 0.680094 2.27471
1709 0.676017 2.27256
1710 0.52352 2.19226
1711 0.644993 2.25622
1712 0.64443 2.25592
1713 0.705566 2.28812
1714 0.690373 2.28012
1715 0.67218 2.27054
1716 0.613773 2.23978
1717 0.58845 2.22645
1718 0.720021 2.29573
1719 0.708764 2.2898
1720 0.683979 2.27675
1721 0.700253 2.28532
1722 0.763496 2.31862
1723 0.646354 2.25694
1724 0.641543 2.25441
1725 0.636771 2.25189
1726 0.710596 2.29077
1727 0.662059 2.26521
1728 0.698654 2.28447
1729 0.724263 2.29796
1730 0.739974 2.30623
1731 0.674304 2.27165
1732 0.673837 2.27141
1733 0.614274 2.24005
1734 0.700087 2.28523
1735 0.662957 2.26568
1736 0.676684 2.27291
1737 0.656886 2.26249
1738 0.715499 2.29335
1739 0.656896 2.26249
1740 0.673087 2.27102
1741 0.586724 2.22554
1742 0.651889 2.25985
1743 0.716136 2.29368
1744 0.637819 2.25244
1745 0.670353 2.26958
1746 0.68785 2.27879
1747 0.706299 2.2885
1748 0.634927 2.25092
1749 0.765579 2.31972
1750 0.646277 2.2569
1751 0.698064 2.28417
1752 0.6846 2.27708
1753 0.607653 2.23656
1754 0.682836 2.27615
1755 0.693941 2.28199
1756 0.720007 2.29572
1757 0.674193 2.2716
1758 0.623926 2.24513
1759 0.634923 2.25092
1760 0.65477 2.26137
1761 0.646096 2.2568
1762 0.658666 2.26342
1763 0.664456 2.26647
1764 0.73406 2.30312
1765 0.648076 2.25784
1766 0.635479 2.25121
1767 0.74916 2.31107
1768 0.62727 2.24689
1769 0.71204 2.29153
1770 0.723266 2.29744
1771 0.617981 2.242
1772 0.786901 2.33094
1773 0.657846 2.26299
1774 0.703054 2.2868
1775 0.644309 2.25586
1776 0.699443 2.28489
1777 0.752951 2.31307
1778 0.663289 2.26586
1779 0.681741 2.27557
1780 0.601973 2.23357
1781 0.772957 2.3236
1782 0.722747 2.29716
1783 0.617064 2.24151
1784 0.652279 2.26006
1785 0.662121 2.26524
1786 0.672144 2.27052
1787 0.69311 2.28156
1788 0.561739 2.21239
1789 0.64881 2.25823
1790 0.663139 2.26577
1791 0.654879 2.26143
1792 0.690147 2.28
1793 0.665451 2.267
1794 0.753231 2.31322
1795 0.7825 2.32863
1796 0.596183 2.23052
1797 0.719697 2.29556
1798 0.634784 2.25085
1799 0.654081 2.26101
1800 0.634623 2.25076
1801 0.604353 2.23483
1802 0.625847 2.24614
1803 0.618389 2.24221
1804 0.661666 2.265
1805 0.671951 2.27042
1806 0.673621 2.2713
1807 0.625493 2.24595
1808 0.608581 2.23705
1809 0.718646 2.295
1810 0.638929 2.25303
1811 0.694327 2.2822
1812 0.738016 2.3052
1813 0.672259 2.27058
1814 0.68229 2.27586
1815 0.617763 2.24188
1816 0.65377 2.26084
1817 0.704896 2.28776
1818 0.726286 2.29903
1819 0.695443 2.28279
1820 0.670633 2.26972
1821 0.689194 2.2795
1822 0.634541 2.25072
1823 0.711713 2.29135
1824 0.67978 2.27454
1825 0.734349 2.30327
1826 0.650846 2.25931
1827 0.654291 2.26112
1828 0.684134 2.27683
1829 0.742754 2.3077
1830 0.668054 2.26837
1831 0.661506 2.26492
1832 0.585509 2.2249
1833 0.70205 2.28627
1834 0.699486 2.28491
1835 0.655111 2.26155
1836 0.641229 2.25424
1837 0.67452 2.27177
1838 0.682381 2.27591
1839 0.705136 2.28789
1840 0.638707 2.25291
1841 0.706439 2.28858
1842 0.652063 2.25994
1843 0.686349 2.278
1844 0.697814 2.28403
1845 0.670159 2.26947
1846 0.701106 2.28577
1847 0.712084 2.29155
1848 0.668729 2.26872
1849 0.723503 2.29756
1850 0.655067 2.26153
1851 0.668331 2.26851
1852 0.654517 2.26124
1853 0.732504 2.3023
1854 0.649484 2.25859
1855 0.838187 2.35795
1856 0.637966 2.25252
1857 0.71199 2.2915
1858 0.681294 2.27534
1859 0.633999 2.25043
1860 0.773971 2.32414
1861 0.676867 2.27301
1862 0.672377 2.27064
1863 0.67867 2.27395
1864 0.817487 2.34705
1865 0.677967 2.27358
1866 0.590841 2.22771
1867 0.693376 2.2817
1868 0.78058 2.32762
1869 0.651126 2.25945
1870 0.759071 2.31629
1871 0.689967 2.2799
1872 0.708897 2.28987
1873 0.705847 2.28826
1874 0.711103 2.29103
1875 0.640854 2.25404
1876 0.704639 2.28763
1877 0.685991 2.27781
1878 0.721854 2.2967
1879 0.642367 2.25484
1880 0.676221 2.27267
1881 0.720889 2.29618
1882 0.727954 2.29991
1883 0.659166 2.26368
1884 0.683054 2.27626
1885 0.706884 2.28881
1886 0.737623 2.30499
1887 0.762761 2.31823
1888 0.654616 2.26129
1889 0.749006 2.31099
1890 0.76174 2.31769
1891 0.662381 2.26538
1892 0.70119 2.28581
1893 0.740937 2.30674
1894 0.706711 2.28872
1895 0.621286 2.24374
1896 0.776333 2.32538
1897 0.573671 2.21867
1898 0.709063 2.28996
1899 0.634991 2.25096
1900 0.708339 2.28958
1901 0.755494 2.31441
1902 0.684444 2.27699
1903 0.731829 2.30195
1904 0.704469 2.28754
1905 0.691013 2.28045
1906 0.727651 2.29975
1907 0.636654 2.25183
1908 0.702823 2.28667
1909 0.665873 2.26722
1910 0.718664 2.29501
1911 0.669883 2.26933
1912 0.716956 2.29412
1913 0.706224 2.28846
1914 0.643546 2.25546
1915 0.695361 2.28274
1916 0.680796 2.27508
1917 0.709009 2.28993
1918 0.7235 2.29756
1919 0.712687 2.29187
1920 0.662763 2.26558
1921 0.682809 2.27614
1922 0.676623 2.27287
1923 0.660611 2.26444
1924 0.728659 2.30028
1925 0.664677 2.26659
1926 0.695124 2.28262
1927 0.714859 2.29301
1928 0.680477 2.2749
1929 0.728211 2.30004
1930 0.725119 2.29841
1931 0.671959 2.27042
1932 0.682049 2.27574
1933 0.670604 2.26971
1934 0.600147 2.23261
1935 0.598179 2.23157
1936 0.713647 2.29237
1937 0.687893 2.27881
1938 0.625809 2.24612
1939 0.709871 2.29039
1940 0.6696 2.26918
1941 0.667504 2.26807
1942 0.76003 2.31679
1943 0.616179 2.24105
1944 0.642213 2.25476
1945 0.733033 2.30258
1946 0.655064 2.26152
1947 0.687176 2.27844
1948 0.705087 2.28786
1949 0.620853 2.24351
1950 0.680446 2.27489
1951 0.722214 2.29688
1952 0.623109 2.2447
1953 0.682246 2.27584
1954 0.647167 2.25737
1955 0.716449 2.29385
1956 0.74351 2.3081
1957 0.726816 2.29931
1958 0.761014 2.31731
1959 0.679456 2.27437
1960 0.638679 2.2529
1961 0.651679 2.25974
1962 0.641914 2.2546
1963 0.639964 2.25358
1964 0.621119 2.24365
1965 0.767099 2.32052
1966 0.745093 2.30893
1967 0.725463 2.29859
1968 0.630756 2.24872
1969 0.75325 2.31322
1970 0.66244 2.26541
1971 0.686913 2.27829
1972 0.748587 2.31077
1973 0.632206 2.24949
1974 0.705594 2.28813
1975 0.70611 2.2884
1976 0.658536 2.26335
1977 0.6632 2.26581
1978 0.640726 2.25398
1979 0.698839 2.28457
1980 0.771491 2.32283
1981 0.667969 2.26832
1982 0.77937 2.32698
1983 0.738987 2.30572
1984 0.677807 2.2735
1985 0.660624 2.26445
1986 0.6785 2.27387
1987 0.674954 2.272
1988 0.69354 2.28179
1989 0.737439 2.3049
1990 0.595796 2.23032
1991 0.736503 2.30441
1992 0.70694 2.28884
1993 0.6858 2.27771
1994 0.69619 2.28318
1995 0.668053 2.26837
1996 0.697013 2.28361
1997 0.698081 2.28418
1998 0.704837 2.28774
1999 0.690293 2.28007
