0 0.661484 1.83411
1 0.975984 2.77741
2 0.994557 2.84263
3 1.12384 2.91545
4 0.844016 2.49367
5 0.91096 2.89249
6 1.07828 3.18001
7 1.11429 3.01209
8 0.933837 2.65905
9 0.94726 2.82119
10 0.947814 2.94584
11 1.03925 3.11128
12 1.0998 3.04673
13 1.00028 2.7654
14 1.00112 2.76514
15 1.0299 2.77587
16 0.845124 2.61948
17 1.08933 3.09793
18 1.04535 2.86699
19 0.949524 2.71563
20 1.05436 2.88323
21 0.975349 2.71848
22 0.954134 2.76669
23 1.06898 2.92808
24 0.792277 2.63695
25 1.18837 3.31041
26 0.902589 2.73386
27 1.00731 3.01214
28 0.949326 2.96805
29 1.14641 3.17877
30 0.892546 2.71591
31 1.08417 3.05811
32 0.91187 2.77978
33 1.13426 3.09063
34 1.0108 2.71707
35 0.893773 2.63717
36 0.917087 2.89846
37 1.05179 3.15644
38 1.07867 3.0467
39 1.06775 2.85627
40 0.978869 2.65543
41 0.860527 2.65012
42 1.0728 3.07744
43 1.06632 2.90285
44 0.91505 2.67632
45 0.970899 2.90249
46 1.04796 3.00682
47 0.884224 2.81782
48 1.11035 3.19563
49 0.968624 2.86977
50 0.90213 2.91296
51 1.16017 3.26322
52 1.00935 2.81579
53 0.869823 2.72894
54 1.03682 3.11341
55 1.00182 3.01036
56 1.07983 3.04219
57 0.9838 2.8095
58 1.04228 2.87482
59 0.845633 2.68382
60 0.962434 3.10221
61 1.06661 3.23902
62 1.02913 3.0645
63 1.06272 3.01134
64 0.886383 2.7817
65 1.08102 3.13986
66 0.980736 2.90236
67 1.0351 2.97297
68 1.07149 2.90712
69 0.80482 2.61472
70 1.09919 3.21156
71 1.05264 2.95609
72 1.04856 2.83017
73 0.915727 2.65405
74 0.955884 2.87133
75 1.07836 3.0321
76 0.91268 2.77053
77 1.12472 3.07469
78 0.894237 2.67381
79 1.00606 2.97505
80 0.99419 2.95525
81 0.808187 2.8828
82 1.18763 3.49412
83 1.00245 2.96584
84 1.03486 2.97508
85 0.955861 2.85625
86 1.06312 3.01004
87 0.979667 2.82256
88 0.929254 2.8471
89 0.989149 3.04174
90 1.06929 3.10441
91 0.91526 2.86964
92 0.915229 3.06964
93 1.23041 3.41525
94 0.886099 2.71248
95 0.978779 3.02412
96 1.04031 3.10265
97 1.0071 2.99219
98 1.08775 3.01281
99 0.85654 2.69866
100 1.07341 3.13755
101 0.955929 2.91
102 0.955973 3.01401
103 1.12974 3.19823
104 0.869949 2.77189
105 1.04711 3.16078
106 1.15753 3.10076
107 0.901866 2.61093
108 1.03324 2.90319
109 1.01403 2.81595
110 0.775033 2.67184
111 1.17685 3.38869
112 0.94742 2.86537
113 1.02238 3.02411
114 1.02263 2.97145
115 1.06194 2.93633
116 0.906859 2.71836
117 1.0928 3.02417
118 0.936609 2.733
119 0.959826 2.89323
120 1.04372 3.02684
121 0.973193 2.89106
122 0.972714 2.95407
123 1.08348 3.0697
124 0.959387 2.81537
125 1.06954 2.96219
126 0.961624 2.74825
127 0.985969 2.84999
128 1.01632 2.89714
129 0.990256 2.84659
130 0.979841 2.86473
131 0.927961 2.88821
132 1.09691 3.13635
133 0.960384 2.84459
134 1.04663 2.97797
135 0.960451 2.8281
136 1.07412 2.97403
137 0.924994 2.73014
138 1.04225 2.96136
139 1.01644 2.8498
140 0.94588 2.7783
141 0.979061 2.92129
142 0.967154 2.96517
143 1.06406 3.0875
144 0.959041 2.88777
145 1.08749 3.04386
146 0.872166 2.73772
147 1.05415 3.12359
148 0.978449 2.96081
149 1.13294 3.08317
150 0.912759 2.66772
151 1.06853 2.94562
152 0.90589 2.70861
153 1.13028 3.03451
154 0.982941 2.65928
155 0.947116 2.68277
156 0.949959 2.8087
157 0.968011 2.93507
158 1.05292 3.04984
159 1.08347 2.93924
160 1.00539 2.7064
161 0.87825 2.63453
162 1.1047 3.02657
163 0.889471 2.67994
164 1.0964 3.03647
165 0.959847 2.74595
166 1.03368 2.87484
167 0.855397 2.71265
168 1.17509 3.20176
169 0.888661 2.65626
170 1.06341 2.9998
171 0.970621 2.80729
172 0.952333 2.86806
173 1.01216 3.00821
174 1.03689 2.99098
175 1.00782 2.89054
176 1.04968 2.89153
177 0.936303 2.72181
178 1.07241 2.9351
179 0.816739 2.64567
180 1.13936 3.22741
181 1.06261 2.86337
182 0.90436 2.64234
183 0.963439 2.89521
184 1.15537 3.07033
185 0.858803 2.56655
186 1.09572 3.00931
187 0.90406 2.69476
188 1.08214 3.00353
189 0.911093 2.73056
190 1.00841 2.98534
191 1.04719 2.98347
192 1.00765 2.85391
193 0.922534 2.79636
194 1.12561 3.07311
195 0.92057 2.68198
196 0.988107 2.90055
197 0.982336 2.92592
198 0.977906 2.96553
199 1.05947 3.05541
200 0.933263 2.85668
201 0.979103 3.03536
202 0.979857 3.08503
203 1.1314 3.2026
204 0.968927 2.81755
205 1.02034 2.91464
206 0.979144 2.84758
207 1.03922 2.9246
208 0.960666 2.79573
209 0.927053 2.87288
210 1.04778 3.10086
211 1.10821 3.01616
212 0.975319 2.69957
213 1.00334 2.77072
214 0.97005 2.74739
215 0.892619 2.78202
216 1.04373 3.10532
217 1.05858 3.00906
218 0.997107 2.84248
219 0.937694 2.82172
220 1.20144 3.09081
221 0.852621 2.45433
222 0.946324 2.84516
223 0.97631 2.98565
224 1.01683 3.0603
225 0.99269 3.00942
226 1.06183 3.05867
227 0.992643 2.88083
228 1.07471 2.93623
229 0.904924 2.68135
230 1.07089 2.98245
231 1.04964 2.8056
232 0.900714 2.61943
233 0.952506 2.87751
234 1.07829 3.04778
235 0.926186 2.79268
236 1.0325 3.01603
237 0.9758 2.91312
238 1.08435 3.02047
239 0.923014 2.7468
240 0.9383 2.93545
241 1.14516 3.17671
242 0.961103 2.74925
243 1.07755 2.89495
244 0.883639 2.62216
245 0.938224 2.92185
246 1.03573 3.11274
247 1.08096 3.04938
248 0.935464 2.79107
249 1.03118 2.98761
250 0.97899 2.8899
251 1.09291 2.99224
252 0.82596 2.64929
253 1.0518 3.16454
254 1.03386 3.03401
255 0.914439 2.89884
256 1.02605 3.1524
257 1.06568 3.10927
258 1.03718 2.9412
259 1.00976 2.84085
260 0.958964 2.79426
261 0.938527 2.88153
262 0.995446 3.05292
263 0.969476 3.05165
264 1.19099 3.22607
265 0.84984 2.61766
266 1.08945 3.08285
267 0.89903 2.78366
268 1.1187 3.12354
269 0.88046 2.73324
270 1.0927 3.11351
271 0.947163 2.82748
272 1.02965 2.99032
273 1.01784 2.91493
274 1.0212 2.87444
275 0.979059 2.80492
276 1.06122 2.89239
277 0.893176 2.67009
278 0.946923 2.94693
279 0.971179 3.08342
280 1.22212 3.26738
281 0.890043 2.58994
282 1.00642 2.90313
283 1.04966 2.90804
284 0.950476 2.74498
285 0.886947 2.83225
286 1.18469 3.23672
287 0.870843 2.65583
288 0.972876 3.00777
289 0.947737 3.06016
290 1.11617 3.26133
291 1.08405 2.97251
292 0.94616 2.71047
293 0.982301 2.85413
294 1.01851 2.91264
295 1.01205 2.86601
296 0.959676 2.81329
297 0.996217 2.92531
298 0.972146 2.92307
299 0.941709 2.97469
300 1.10104 3.18592
301 0.928197 2.86757
302 1.12699 3.12897
303 0.943039 2.74436
304 1.13822 2.96915
305 0.830419 2.5005
306 1.00792 2.98269
307 0.981676 2.95186
308 1.02799 3.01652
309 0.947673 2.91329
310 1.16834 3.13886
311 0.862779 2.60035
312 1.03212 3.00244
313 1.05235 2.93609
314 0.851344 2.71937
315 0.948451 3.11519
316 1.10981 3.3114
317 1.03763 3.01895
318 1.15037 2.9825
319 0.800063 2.46542
320 0.915649 2.99066
321 1.12207 3.28515
322 0.972051 2.92778
323 1.01224 3.01232
324 1.07901 3.01437
325 1.02139 2.80146
326 0.96146 2.72324
327 0.924186 2.79674
328 0.977037 3.00006
329 1.03569 3.08138
330 0.965107 2.96451
331 1.05479 3.08834
332 0.987897 2.92813
333 1.04008 2.98085
334 0.950244 2.8447
335 0.992476 2.98162
336 1.03357 3.01839
337 0.91337 2.88351
338 1.07048 3.16062
339 0.986666 2.95557
340 0.954144 2.97197
341 1.14181 3.16696
342 0.843767 2.69442
343 1.09831 3.18088
344 0.985306 2.89671
345 0.93755 2.90923
346 1.09239 3.12821
347 0.998306 2.86679
348 0.816551 2.78645
349 1.15282 3.37496
350 1.05964 2.97142
351 0.957971 2.7837
352 1.10861 2.95264
353 0.840937 2.57234
354 0.948079 2.99721
355 1.0421 3.16323
356 0.975119 3.0329
357 1.10154 3.15007
358 0.931094 2.83166
359 1.07112 3.05904
360 1.00736 2.86183
361 1.07489 2.87582
362 0.987809 2.65902
363 0.845571 2.62151
364 1.0668 3.08828
365 1.00797 2.90351
366 0.987547 2.87525
367 1.00787 2.91404
368 0.863584 2.82856
369 1.03217 3.22855
370 1.06213 3.16645
371 0.979103 2.98147
372 1.06825 3.07203
373 0.847006 2.80853
374 1.18198 3.32449
375 1.01119 2.8164
376 0.983657 2.77726
377 0.870416 2.76318
378 1.08438 3.16797
379 1.04993 2.95305
380 0.909421 2.77017
381 1.08099 3.06328
382 1.0737 2.86905
383 0.89518 2.61246
384 1.11945 2.96357
385 0.756806 2.51352
386 1.1607 3.27438
387 1.01208 2.82669
388 0.929247 2.75975
389 1.0962 3.00395
390 1.01012 2.73739
391 0.959467 2.69001
392 0.895979 2.75601
393 1.09919 3.09548
394 1.01166 2.82113
395 1.00599 2.79102
396 0.991617 2.77024
397 0.97634 2.78289
398 1.06262 2.87869
399 0.929793 2.66945
400 0.913204 2.82723
401 1.02682 3.08461
402 1.05247 3.03321
403 0.946526 2.86037
404 1.02325 3.02204
405 0.981894 2.94805
406 1.06588 3.02965
407 0.874494 2.78555
408 1.06922 3.17182
409 1.02351 2.9874
410 1.02813 2.93411
411 0.832697 2.77713
412 1.27481 3.37633
413 0.864671 2.53855
414 1.06384 2.94995
415 0.972187 2.75697
416 0.95043 2.81241
417 1.02619 2.96441
418 1.01775 2.89877
419 0.895484 2.80019
420 1.06424 3.1249
421 0.977954 2.93344
422 1.01216 3.00128
423 0.96883 2.95253
424 1.11973 3.0959
425 0.898344 2.71101
426 0.953307 2.97625
427 1.04394 3.12836
428 1.11113 3.05581
429 0.968921 2.72798
430 0.997416 2.81444
431 1.05361 2.84662
432 0.858407 2.62958
433 1.07142 3.06223
434 0.995294 2.85859
435 1.03651 2.8888
436 0.867307 2.72418
437 1.11662 3.15265
438 0.872934 2.76471
439 1.11928 3.17852
440 0.944633 2.81636
441 0.923224 2.93703
442 1.09061 3.19563
443 0.910021 2.89826
444 1.02252 3.16267
445 1.05299 3.12361
446 0.991456 2.97013
447 1.14214 3.06006
448 0.815284 2.57329
449 1.12182 3.15101
450 0.929794 2.77481
451 1.0399 2.99139
452 1.09574 2.92324
453 1.0026 2.65456
454 0.867873 2.58567
455 1.00194 2.95938
456 0.984927 2.94693
457 1.05457 3.01474
458 0.937569 2.83182
459 0.994176 3.00531
460 1.14244 3.08768
461 0.853157 2.61772
462 1.05482 3.05751
463 0.97797 2.89264
464 0.97201 2.94183
465 1.01576 3.02812
466 1.08204 3.02165
467 0.869026 2.72942
468 1.05533 3.12469
469 1.05826 2.99556
470 1.02079 2.84088
471 0.911851 2.74128
472 1.08095 3.02751
473 0.973323 2.7868
474 0.91586 2.82301
475 1.07844 3.09678
476 0.952553 2.85347
477 1.01336 2.99355
478 0.975266 2.94438
479 1.00834 3.01804
480 1.13833 3.05857
481 0.878629 2.61207
482 1.0173 2.96255
483 0.968673 2.8992
484 1.00581 2.9903
485 1.00734 2.97731
486 0.868139 2.89551
487 1.12316 3.32464
488 0.935424 2.94722
489 1.09161 3.17184
490 0.900571 2.86729
491 1.09981 3.19409
492 0.893777 2.86324
493 1.10532 3.21176
494 1.00518 2.91702
495 0.997721 2.90135
496 1.12299 2.9648
497 0.929871 2.58545
498 0.899466 2.7365
499 1.00901 3.0244
500 1.18695 3.08552
501 0.864307 2.4953
502 0.922704 2.84222
503 1.02819 3.07342
504 1.08601 3.0337
505 0.918923 2.75344
506 0.990981 2.97805
507 1.1269 3.06225
508 0.833619 2.62703
509 0.923527 3.06131
510 1.20516 3.37186
511 0.960291 2.77478
512 0.918831 2.84915
513 1.12447 3.13581
514 0.884711 2.7312
515 0.874184 2.99837
516 1.20093 3.44627
517 1.02984 2.89328
518 1.02034 2.81856
519 0.92363 2.72569
520 0.991754 2.93735
521 1.02368 2.97158
522 1.08206 2.94282
523 0.968874 2.69695
524 0.897593 2.73715
525 1.01101 3.03125
526 1.15893 3.07376
527 0.896637 2.57757
528 1.00564 2.87176
529 0.877706 2.7991
530 1.1864 3.23046
531 0.888044 2.65277
532 0.950763 2.94587
533 1.06223 3.11362
534 1.08417 2.97705
535 0.913584 2.69952
536 0.927463 2.90973
537 1.00182 3.11532
538 1.03406 3.12593
539 0.99377 3.02693
540 1.06343 3.07387
541 0.955689 2.87436
542 0.963293 2.98241
543 1.12893 3.14564
544 0.967886 2.76709
545 0.948893 2.83396
546 0.892356 2.92832
547 1.31741 3.37873
548 0.812791 2.3968
549 0.928861 2.89201
550 1.00125 3.09338
551 0.984911 3.08288
552 1.01669 3.13319
553 1.02984 3.09989
554 1.19116 3.10417
555 0.794449 2.46949
556 1.05472 3.07496
557 0.944187 2.89469
558 1.13687 3.11553
559 0.920801 2.69275
560 0.962983 2.89903
561 1.05843 3.03054
562 0.928041 2.83233
563 1.06863 3.06717
564 0.965807 2.85771
565 0.982254 2.94597
566 1.0376 3.01346
567 0.965043 2.89116
568 1.0314 3.00435
569 0.999069 2.91532
570 0.960266 2.89952
571 1.11984 3.06713
572 0.826746 2.64861
573 1.17938 3.22059
574 0.86024 2.64976
575 1.03235 3.05918
576 0.989533 2.96304
577 1.01432 2.99921
578 0.980636 2.94983
579 1.03608 3.02117
580 0.86241 2.85561
581 1.24681 3.35798
582 0.855664 2.59489
583 1.00558 3.00479
584 1.06525 3.01926
585 1.04984 2.85834
586 0.880024 2.66198
587 0.994779 2.99814
588 1.0492 3.03565
589 1.05773 2.92361
590 0.960103 2.74227
591 1.00503 2.85715
592 0.982156 2.83467
593 1.03693 2.90215
594 0.858494 2.73225
595 1.01125 3.1369
596 1.08717 3.14545
597 0.988053 2.89399
598 1.02728 2.94034
599 0.974857 2.85173
600 0.971811 2.9096
601 0.9744 2.97729
602 1.03129 3.06401
603 0.975761 2.96449
604 1.14267 3.09892
605 0.844621 2.62434
606 1.13527 3.12546
607 0.94068 2.71642
608 0.90905 2.84158
609 1.11787 3.15279
610 0.927933 2.78687
611 1.05238 3.01449
612 0.928661 2.83363
613 1.0218 3.04505
614 1.10446 3.03191
615 0.977473 2.72686
616 0.976071 2.77927
617 1.0192 2.85567
618 1.06938 2.83376
619 0.86675 2.5761
620 1.04936 2.97494
621 0.991556 2.8318
622 0.91471 2.81604
623 1.0019 3.05764
624 1.18149 3.13624
625 0.82373 2.54246
626 1.00708 3.04323
627 1.09749 3.06836
628 0.961144 2.77536
629 0.985963 2.87846
630 0.949954 2.89487
631 1.0765 3.07151
632 1.07847 2.89213
633 0.791793 2.57396
634 1.09258 3.20453
635 1.03241 2.95833
636 0.90975 2.82504
637 1.0613 3.10812
638 0.96168 2.91741
639 1.04331 3.0456
640 0.943197 2.89706
641 0.994867 3.055
642 1.01999 3.07873
643 1.07579 3.0574
644 0.958803 2.82451
645 0.981901 2.93235
646 0.937783 2.95461
647 1.14397 3.19677
648 0.882107 2.73593
649 0.958579 3.04952
650 1.05456 3.19165
651 1.05847 3.06474
652 0.94218 2.87297
653 0.977191 3.02559
654 1.00126 3.09055
655 1.14166 3.15251
656 0.879811 2.69713
657 1.07393 3.07054
658 1.01476 2.86883
659 0.948107 2.80311
660 0.97806 2.93936
661 1.03005 3.01519
662 1.00864 2.9344
663 1.05426 2.93517
664 0.909446 2.74007
665 0.985389 2.98884
666 0.888329 2.97839
667 1.16609 3.37031
668 0.877401 2.84489
669 1.01168 3.1964
670 1.16387 3.23912
671 0.901841 2.73135
672 1.04433 3.02888
673 0.987533 2.89802
674 1.01952 2.94224
675 0.95697 2.86722
676 0.847257 2.91791
677 1.24345 3.46146
678 0.927003 2.74092
679 1.15143 3.01706
680 0.750901 2.47406
681 1.01424 3.18393
682 1.13074 3.20415
683 0.953313 2.81368
684 1.05931 2.97289
685 0.962224 2.78807
686 0.911984 2.85382
687 0.932443 3.07102
688 1.121 3.31759
689 0.967414 2.96107
690 0.992053 3.04936
691 1.05406 3.0968
692 1.05177 2.96825
693 0.859716 2.75708
694 1.00254 3.15428
695 0.960833 3.12902
696 1.21764 3.34004
697 0.959823 2.70761
698 0.85243 2.7524
699 1.07065 3.20164
700 1.06764 3.03358
701 0.994104 2.84005
702 0.931763 2.82501
703 1.03736 3.03488
704 1.02256 2.93991
705 1.00866 2.88029
706 1.09555 2.9002
707 0.833626 2.55335
708 1.03344 3.03836
709 0.994176 2.94131
710 0.774369 2.85321
711 1.13386 3.46936
712 1.00668 3.09465
713 1.09529 3.11986
714 0.975471 2.83968
715 0.973884 2.89678
716 0.912709 2.93003
717 0.950193 3.15345
718 1.21511 3.39329
719 0.973086 2.77409
720 0.965986 2.83422
721 1.02381 2.94122
722 1.08968 2.91565
723 0.8377 2.58724
724 0.983777 3.0378
725 0.99157 3.07969
726 1.11529 3.15678
727 0.927454 2.79789
728 1.05286 3.02709
729 1.03545 2.89441
730 1.01954 2.80351
731 0.909786 2.70647
732 0.99808 2.96013
733 0.911581 2.92459
734 1.12948 3.23399
735 0.944007 2.84276
736 1.01898 3.00956
737 0.970929 2.94253
738 1.08799 3.0653
739 0.914327 2.77734
740 1.02122 3.02893
741 0.871976 2.90976
742 1.0909 3.31318
743 1.10319 3.10437
744 0.886267 2.7605
745 1.043 3.1014
746 1.02696 2.99254
747 1.02665 2.92884
748 0.898154 2.8064
749 1.19703 3.18497
750 0.824224 2.54762
751 1.06976 3.076
752 0.979264 2.86957
753 0.88763 2.87599
754 1.1097 3.24388
755 1.01639 2.94198
756 1.0373 2.91304
757 0.93451 2.7774
758 0.924604 2.92726
759 1.01093 3.14514
760 1.03206 3.12912
761 0.988086 3.03312
762 1.01879 3.07543
763 1.00948 3.0268
764 1.10505 3.04868
765 0.87602 2.6948
766 0.974244 3.03279
767 1.17675 3.1872
768 0.823107 2.6065
769 1.11859 3.16065
770 1.01076 2.83113
771 0.8539 2.73293
772 1.25548 3.26341
773 0.803721 2.45175
774 1.06082 3.03381
775 0.914857 2.82274
776 1.08026 3.10017
777 1.0745 2.90833
778 0.87426 2.63975
779 1.02398 3.00568
780 0.883051 2.88383
781 1.26611 3.33686
782 0.90252 2.54129
783 0.85854 2.75053
784 1.04251 3.16951
785 1.01707 3.05743
786 1.01568 3.01652
787 1.03146 2.98685
788 0.810106 2.81002
789 1.1159 3.39971
790 1.02811 3.0856
791 0.988376 3.00089
792 1.05334 3.05838
793 0.963726 2.89107
794 1.13082 3.05401
795 1.02502 2.69681
796 0.759137 2.51404
797 1.16999 3.27259
798 0.874099 2.73466
799 1.02114 3.09979
800 0.971136 3.02679
801 0.950334 3.0853
802 1.0296 3.23918
803 0.990553 3.15126
804 1.06902 3.20981
805 1.01779 3.02327
806 1.00279 2.97435
807 0.928589 2.9334
808 0.967056 3.11975
809 1.17658 3.29427
810 0.881027 2.74095
811 1.07825 3.11294
812 1.06162 2.92075
813 0.906433 2.70349
814 1.01335 2.97369
815 0.905449 2.89221
816 1.04865 3.1816
817 1.08049 3.08156
818 1.02776 2.86738
819 0.955874 2.76858
820 0.96506 2.87686
821 1.027 2.98796
822 0.920497 2.87493
823 1.11522 3.15261
824 0.95061 2.80469
825 1.07997 2.9811
826 0.88103 2.70026
827 0.999563 3.03582
828 1.04559 3.05815
829 1.08565 2.96922
830 0.892761 2.67783
831 0.987783 2.97478
832 0.884764 2.95591
833 1.17922 3.36395
834 0.99153 2.85447
835 0.936746 2.84902
836 0.976229 3.01653
837 1.05037 3.10691
838 1.01233 2.97051
839 1.03337 2.95118
840 0.904843 2.81289
841 1.09913 3.12732
842 0.919973 2.81054
843 1.04869 3.05893
844 1.01651 2.9292
845 0.96004 2.8641
846 1.04536 2.99786
847 1.01448 2.87664
848 0.938547 2.80727
849 1.08046 3.01794
850 0.901159 2.74508
851 1.01604 3.03145
852 0.97968 2.97678
853 1.11819 3.08882
854 0.879167 2.69935
855 1.28276 3.17121
856 0.71246 2.24006
857 1.09461 3.09542
858 0.953129 2.80681
859 0.930431 2.90681
860 1.21462 3.2024
861 0.849729 2.52737
862 0.991894 2.94762
863 1.00923 2.97476
864 1.20462 3.04355
865 0.796096 2.37172
866 0.870024 2.88681
867 1.15284 3.32432
868 1.12331 2.95032
869 0.819566 2.51863
870 1.15579 3.09995
871 0.893331 2.61106
872 1.02846 2.9252
873 0.994649 2.84245
874 1.00762 2.86108
875 0.900936 2.7936
876 1.09272 3.11609
877 0.970759 2.84097
878 1.05239 2.94775
879 0.887277 2.74764
880 1.04554 3.08686
881 1.06658 2.9892
882 1.00613 2.80427
883 0.905144 2.74289
884 1.03273 3.02573
885 1.03491 2.94958
886 1.04225 2.8707
887 1.03063 2.76581
888 0.855174 2.61203
889 1.13717 3.08424
890 1.00366 2.6992
891 0.869201 2.628
892 1.05429 3.02225
893 1.05521 2.89472
894 0.949393 2.7155
895 0.880626 2.80286
896 1.23596 3.24887
897 0.7153 2.45097
898 1.17942 3.33771
899 0.889553 2.78034
900 1.10675 3.14145
901 1.06245 2.86933
902 0.900006 2.6467
903 1.06936 2.96098
904 0.957903 2.7458
905 0.98216 2.85628
906 1.05323 2.93129
907 0.871943 2.72167
908 1.09422 3.12669
909 0.944917 2.83534
910 1.07774 3.02677
911 0.928404 2.77426
912 1.06873 3.00812
913 0.98173 2.80577
914 0.9118 2.81637
915 1.07493 3.09997
916 0.977791 2.87828
917 1.04134 2.96011
918 1.01887 2.85224
919 0.98397 2.79157
920 0.930584 2.80456
921 1.02807 3.01344
922 0.990973 2.93007
923 0.976246 2.94454
924 1.10213 3.05885
925 0.906054 2.72717
926 1.04309 3.01223
927 1.02764 2.9035
928 0.950701 2.80264
929 1.06991 2.97413
930 0.991211 2.7729
931 0.927183 2.76386
932 1.01376 2.9757
933 0.98325 2.92912
934 0.89465 2.92759
935 0.983899 3.21759
936 1.19063 3.351
937 0.955837 2.79278
938 0.91 2.87566
939 1.1257 3.1878
940 0.938714 2.8048
941 0.995617 2.9757
942 1.1385 3.0522
943 0.798176 2.56775
944 1.0215 3.14744
945 1.1429 3.15283
946 0.884403 2.69608
947 1.04396 3.04266
948 1.02583 2.93062
949 0.879817 2.80198
950 1.0839 3.18001
951 1.06179 2.97193
952 0.859764 2.7325
953 1.08132 3.16595
954 0.948739 2.91276
955 1.10403 3.10556
956 1.03259 2.82728
957 0.974754 2.72365
958 1.04872 2.81749
959 0.887904 2.62793
960 0.939346 2.91611
961 1.01629 3.09484
962 0.985767 3.04229
963 0.996097 3.08065
964 0.970309 3.07794
965 1.23167 3.26878
966 0.94383 2.5895
967 0.978573 2.73793
968 0.870594 2.73824
969 1.18225 3.18777
970 0.863114 2.61018
971 1.03255 3.01154
972 1.08961 2.96125
973 0.83734 2.63289
974 1.10243 3.13939
975 0.997433 2.84925
976 0.932703 2.82526
977 1.0046 3.0173
978 0.966243 2.9887
979 1.08839 3.12485
980 1.10179 2.92272
981 0.854484 2.56798
982 1.16289 3.05405
983 0.92655 2.56066
984 0.922669 2.73184
985 0.974009 2.938
986 1.02616 3.02345
987 0.994969 2.94731
988 1.02747 2.97423
989 1.06287 2.92589
990 0.803924 2.65742
991 1.20503 3.30568
992 0.944631 2.70174
993 0.971931 2.8449
994 1.01524 2.93116
995 0.959314 2.86929
996 1.04238 3.00373
997 1.0007 2.88449
998 1.00966 2.88699
999 0.97907 2.85002
1000 0.800547 3.03448
1001 0.910939 3.60067
1002 0.930453 3.69445
1003 1.04549 3.76863
1004 0.866167 3.54002
1005 0.820239 3.62338
1006 0.891589 3.66939
1007 0.992651 3.73455
1008 0.937839 3.69921
1009 0.886001 3.66579
1010 0.840517 3.63646
1011 0.876594 3.65972
1012 0.963044 3.71546
1013 0.969943 3.71991
1014 0.971051 3.72063
1015 1.00017 3.73941
1016 0.84793 3.64081
1017 0.932346 3.69567
1018 0.977637 3.72487
1019 0.93187 3.69536
1020 0.98085 3.72695
1021 0.961283 3.71433
1022 0.91569 3.68493
1023 0.978141 3.7252
1024 0.779544 3.59714
1025 0.953136 3.70907
1026 0.86971 3.65528
1027 0.879067 3.66132
1028 0.834371 3.6325
1029 0.960149 3.7136
1030 0.865247 3.65241
1031 0.942127 3.70198
1032 0.862384 3.65056
1033 0.98191 3.72763
1034 1.00457 3.74224
1035 0.895551 3.66059
1036 0.824664 3.62624
1037 0.873536 3.65775
1038 0.940753 3.70109
1039 1.00796 3.74443
1040 0.988047 3.71183
1041 0.85404 3.64518
1042 0.922964 3.68962
1043 0.985903 3.7302
1044 0.907803 3.67985
1045 0.880844 3.66246
1046 0.923697 3.69009
1047 0.81773 3.62177
1048 0.917819 3.6863
1049 0.890821 3.6689
1050 0.80393 3.61287
1051 0.942663 3.70233
1052 0.958521 3.71255
1053 0.834239 3.63241
1054 0.873413 3.65767
1055 0.874003 3.65805
1056 0.943723 3.70301
1057 0.931936 3.69541
1058 0.970806 3.72047
1059 0.82363 3.62557
1060 0.803377 3.61251
1061 0.860406 3.64928
1062 0.8828 3.66372
1063 0.937604 3.69906
1064 0.833181 3.63173
1065 0.908483 3.68029
1066 0.891557 3.66937
1067 0.923044 3.68967
1068 0.989874 3.73277
1069 0.802309 3.61182
1070 0.901211 3.6756
1071 0.948644 3.70618
1072 0.997464 3.73766
1073 0.918161 3.68652
1074 0.876276 3.65951
1075 0.9461 3.70454
1076 0.866861 3.65345
1077 0.978239 3.72527
1078 0.88419 3.66462
1079 0.891341 3.66923
1080 0.886103 3.66585
1081 0.716206 3.5563
1082 0.89072 3.66883
1083 0.89094 3.66897
1084 0.921973 3.68898
1085 0.881984 3.6632
1086 0.938543 3.69967
1087 0.921864 3.68891
1088 0.85625 3.6466
1089 0.849964 3.64255
1090 0.909419 3.68089
1091 0.832873 3.63153
1092 0.767206 3.58918
1093 0.956037 3.71095
1094 0.859163 3.64848
1095 0.845433 3.63963
1096 0.880674 3.66235
1097 0.886106 3.66585
1098 0.963744 3.71592
1099 0.830534 3.63002
1100 0.90166 3.67589
1101 0.861947 3.65028
1102 0.825587 3.62683
1103 0.936163 3.69813
1104 0.81852 3.62227
1105 0.867439 3.65382
1106 1.00232 3.74079
1107 0.918427 3.68095
1108 0.948834 3.7063
1109 0.963836 3.71598
1110 0.747731 3.57663
1111 0.915047 3.68452
1112 0.869277 3.655
1113 0.890394 3.66862
1114 0.910297 3.68145
1115 0.966896 3.71795
1116 0.880809 3.66244
1117 0.964587 3.71646
1118 0.909366 3.68085
1119 0.872339 3.65698
1120 0.911653 3.68233
1121 0.887659 3.66686
1122 0.86379 3.65147
1123 0.936964 3.69865
1124 0.90189 3.67604
1125 0.96458 3.71645
1126 0.932114 3.69552
1127 0.917831 3.68631
1128 0.932566 3.69581
1129 0.924003 3.69029
1130 0.905154 3.67814
1131 0.839876 3.63604
1132 0.925813 3.69146
1133 0.891484 3.66933
1134 0.933454 3.69638
1135 0.898031 3.67354
1136 0.96473 3.71655
1137 0.897049 3.67291
1138 0.935283 3.69756
1139 0.952173 3.70846
1140 0.901479 3.67577
1141 0.882593 3.66359
1142 0.853974 3.64514
1143 0.910251 3.68142
1144 0.873526 3.65774
1145 0.951149 3.7078
1146 0.833593 3.63199
1147 0.887251 3.66659
1148 0.867397 3.65379
1149 0.98351 3.72866
1150 0.908726 3.68044
1151 0.970306 3.72015
1152 0.883626 3.66425
1153 1.00059 3.73968
1154 0.99735 3.73612
1155 0.943346 3.70276
1156 0.893936 3.6709
1157 0.865693 3.65269
1158 0.912661 3.68298
1159 0.989503 3.73253
1160 1.00303 3.74125
1161 0.879226 3.65389
1162 0.976353 3.72404
1163 0.876076 3.65939
1164 0.96351 3.71577
1165 0.931017 3.69481
1166 0.961106 3.71422
1167 0.823969 3.62579
1168 0.980399 3.72666
1169 0.884839 3.66504
1170 0.942869 3.70246
1171 0.917851 3.68633
1172 0.873629 3.65781
1173 0.885549 3.6655
1174 0.918021 3.68644
1175 0.925836 3.69147
1176 0.972039 3.72127
1177 0.913684 3.68364
1178 0.978993 3.72575
1179 0.804603 3.6133
1180 0.935123 3.69746
1181 0.99889 3.73858
1182 0.909521 3.68095
1183 0.875504 3.65902
1184 1.01259 3.74741
1185 0.877334 3.62893
1186 0.973731 3.72236
1187 0.887134 3.66652
1188 0.961453 3.71444
1189 0.8808 3.66243
1190 0.890007 3.66837
1191 0.93191 3.69539
1192 0.940547 3.70096
1193 0.867977 3.65417
1194 0.979809 3.72628
1195 0.911959 3.68253
1196 0.900267 3.67498
1197 0.884377 3.66474
1198 0.865124 3.65232
1199 0.917387 3.68602
1200 0.857073 3.64713
1201 0.84192 3.63736
1202 0.826099 3.62716
1203 0.936219 3.69817
1204 0.911767 3.6824
1205 0.929981 3.69415
1206 0.911176 3.68202
1207 0.946691 3.70492
1208 0.911253 3.68207
1209 0.844413 3.63897
1210 0.888856 3.66763
1211 0.984386 3.72923
1212 0.969761 3.7198
1213 0.971177 3.72071
1214 0.942334 3.70211
1215 0.84 3.63613
1216 0.883184 3.66397
1217 0.9341 3.6968
1218 0.933386 3.69634
1219 0.875141 3.65878
1220 1.05334 3.77369
1221 0.888426 3.53491
1222 0.875723 3.65916
1223 0.856281 3.64662
1224 0.871724 3.65658
1225 0.864874 3.65217
1226 0.91862 3.68682
1227 0.912946 3.68316
1228 0.981056 3.72708
1229 0.89369 3.67074
1230 0.95781 3.71209
1231 1.00984 3.74564
1232 0.907554 3.65524
1233 0.870271 3.65565
1234 0.93994 3.70057
1235 0.87349 3.65772
1236 0.903936 3.67735
1237 0.882144 3.6633
1238 0.957049 3.7116
1239 0.888001 3.66708
1240 0.83416 3.63236
1241 0.959659 3.71328
1242 0.931081 3.69486
1243 1.00199 3.74058
1244 0.891656 3.66448
1245 0.838847 3.63538
1246 0.872559 3.65712
1247 0.942124 3.70198
1248 0.884567 3.66486
1249 0.913243 3.68336
1250 0.894424 3.67122
1251 0.977686 3.72491
1252 0.813939 3.61932
1253 0.870794 3.65598
1254 0.8987 3.67397
1255 0.821726 3.62434
1256 0.849546 3.64228
1257 0.903989 3.67738
1258 0.937784 3.69918
1259 0.948367 3.706
1260 0.909913 3.6812
1261 0.853644 3.64492
1262 0.852529 3.6442
1263 0.82671 3.62755
1264 0.987093 3.73097
1265 0.854404 3.64541
1266 0.938163 3.69942
1267 0.846531 3.64033
1268 0.952859 3.7089
1269 0.844689 3.63915
1270 0.929977 3.69414
1271 0.883446 3.66414
1272 0.910596 3.68165
1273 0.927124 3.6923
1274 0.947264 3.70529
1275 0.928431 3.69315
1276 0.984649 3.7294
1277 0.88447 3.6648
1278 0.8392 3.63561
1279 0.818004 3.62194
1280 1.00237 3.74083
1281 0.913137 3.67739
1282 0.919291 3.68725
1283 0.965064 3.71677
1284 0.920503 3.68804
1285 0.815577 3.62038
1286 0.976713 3.72428
1287 0.863913 3.65154
1288 0.845009 3.63936
1289 0.802204 3.61176
1290 0.900574 3.67518
1291 0.976177 3.72393
1292 0.930113 3.69423
1293 0.912083 3.6826
1294 0.928771 3.69337
1295 0.940497 3.70093
1296 0.903046 3.67678
1297 0.89956 3.67453
1298 0.87451 3.65838
1299 0.824216 3.62595
1300 0.91204 3.68257
1301 0.847571 3.64101
1302 0.959309 3.71306
1303 0.91212 3.68263
1304 1.03748 3.76346
1305 0.852474 3.55107
1306 0.89047 3.66867
1307 0.87407 3.65809
1308 0.899034 3.67419
1309 0.85193 3.64382
1310 0.998204 3.73814
1311 0.877103 3.66005
1312 0.908626 3.68037
1313 0.956444 3.71121
1314 0.81688 3.62122
1315 0.785711 3.60112
1316 0.877796 3.6605
1317 0.908224 3.68012
1318 1.04509 3.76837
1319 0.824544 3.51414
1320 0.792269 3.60535
1321 0.898146 3.67362
1322 0.872671 3.65719
1323 0.884137 3.66458
1324 0.953774 3.70949
1325 0.978674 3.72555
1326 0.942686 3.70234
1327 0.869679 3.65526
1328 0.851974 3.64384
1329 0.883491 3.66417
1330 0.852063 3.6439
1331 0.900467 3.67512
1332 0.889524 3.66806
1333 0.925321 3.69114
1334 0.880221 3.66206
1335 0.874617 3.65845
1336 0.904184 3.67751
1337 0.825943 3.62706
1338 0.890606 3.66876
1339 0.877996 3.66062
1340 0.838023 3.63485
1341 0.95995 3.71347
1342 0.817519 3.62163
1343 0.911123 3.68199
1344 0.898697 3.67397
1345 0.84261 3.63781
1346 0.92422 3.69043
1347 0.924827 3.69082
1348 0.755134 3.5814
1349 0.897227 3.67303
1350 0.950076 3.7071
1351 0.913093 3.68326
1352 1.01171 3.74685
1353 0.853854 3.61597
1354 0.82316 3.62526
1355 0.861697 3.65011
1356 0.838704 3.63529
1357 0.925464 3.69123
1358 0.864046 3.65163
1359 0.928144 3.69296
1360 0.936963 3.69865
1361 1.00742 3.74408
1362 0.997791 3.71945
1363 0.844093 3.62581
1364 0.912777 3.68305
1365 0.920833 3.68825
1366 0.909523 3.68095
1367 0.91658 3.68551
1368 0.79165 3.60495
1369 0.830907 3.63026
1370 0.880316 3.66212
1371 0.860674 3.64945
1372 0.920279 3.68789
1373 0.780603 3.59783
1374 0.941954 3.70187
1375 0.960373 3.71374
1376 0.94537 3.70407
1377 0.822207 3.62465
1378 0.90184 3.676
1379 0.946911 3.70506
1380 0.863323 3.65116
1381 0.936816 3.69855
1382 1.00908 3.74515
1383 0.904454 3.65514
1384 1.01901 3.75155
1385 0.77102 3.5444
1386 0.939184 3.70008
1387 0.956994 3.71157
1388 0.88995 3.66833
1389 0.976431 3.7241
1390 0.994283 3.73561
1391 0.95498 3.71027
1392 0.85358 3.64488
1393 0.943443 3.70283
1394 0.958889 3.71279
1395 0.965351 3.71696
1396 0.957666 3.712
1397 0.934517 3.69707
1398 0.992176 3.73425
1399 0.928379 3.69311
1400 0.846016 3.64
1401 0.87336 3.65764
1402 0.918424 3.68669
1403 0.87018 3.65559
1404 0.892059 3.66969
1405 0.875699 3.65914
1406 0.933871 3.69665
1407 0.818614 3.62233
1408 0.885473 3.66545
1409 0.905189 3.67816
1410 0.930741 3.69464
1411 0.775739 3.59469
1412 1.01252 3.74737
1413 0.896786 3.64165
1414 0.963373 3.71568
1415 0.940716 3.70107
1416 0.892997 3.6703
1417 0.9168 3.68565
1418 0.933493 3.69641
1419 0.836459 3.63384
1420 0.896934 3.67284
1421 0.876887 3.65991
1422 0.888079 3.66712
1423 0.860244 3.64918
1424 0.964607 3.71647
1425 0.873897 3.65798
1426 0.835676 3.63334
1427 0.875373 3.65894
1428 0.971423 3.72087
1429 0.94944 3.70669
1430 0.945419 3.7041
1431 0.995974 3.7367
1432 0.859791 3.64889
1433 0.927244 3.69238
1434 0.924781 3.69079
1435 0.958424 3.71249
1436 0.833176 3.63173
1437 0.939766 3.70046
1438 0.824457 3.6261
1439 0.932903 3.69603
1440 0.88495 3.66511
1441 0.817829 3.62183
1442 0.898324 3.67373
1443 0.81725 3.62145
1444 0.842724 3.63788
1445 0.886084 3.66584
1446 0.877727 3.66045
1447 1.00271 3.74104
1448 0.828907 3.62223
1449 0.945657 3.70426
1450 0.884569 3.66486
1451 0.921066 3.6884
1452 1.01013 3.74582
1453 1.01597 3.72445
1454 0.870226 3.5908
1455 0.892807 3.67018
1456 0.879333 3.66149
1457 0.92766 3.69265
1458 0.871134 3.6562
1459 0.867874 3.6541
1460 0.991707 3.73394
1461 0.858344 3.64795
1462 0.911779 3.68241
1463 0.89226 3.66982
1464 0.867477 3.65384
1465 0.882073 3.66325
1466 0.954116 3.70971
1467 0.833157 3.63171
1468 0.88805 3.66711
1469 0.939026 3.69998
1470 0.96089 3.71408
1471 0.877396 3.66024
1472 0.950646 3.70747
1473 0.929404 3.69377
1474 0.850496 3.64289
1475 0.921583 3.68873
1476 0.879409 3.66154
1477 0.892189 3.66978
1478 0.870003 3.65547
1479 0.878009 3.66064
1480 0.999247 3.73881
1481 0.891366 3.66925
1482 0.908004 3.67997
1483 0.879671 3.66171
1484 0.885444 3.66543
1485 0.891853 3.66956
1486 0.774193 3.59369
1487 0.886016 3.66579
1488 0.827073 3.62779
1489 0.907666 3.67976
1490 0.817947 3.6219
1491 0.907936 3.67993
1492 0.812089 3.61813
1493 0.907156 3.67943
1494 0.912477 3.68286
1495 0.910457 3.68156
1496 1.02241 3.75374
1497 0.948657 3.65056
1498 0.865096 3.65231
1499 0.876434 3.65962
1500 1.04003 3.76511
1501 0.894707 3.57201
1502 0.850891 3.64315
1503 0.878679 3.66106
1504 0.95358 3.70937
1505 0.88066 3.66234
1506 0.874341 3.65827
1507 0.985559 3.72998
1508 0.831443 3.63061
1509 0.777891 3.59608
1510 0.947401 3.70538
1511 0.919429 3.68734
1512 0.844126 3.63878
1513 0.954107 3.7097
1514 0.850309 3.64277
1515 0.748207 3.57694
1516 0.918166 3.68653
1517 0.949133 3.70649
1518 0.969979 3.71994
1519 0.897291 3.67307
1520 0.890196 3.66849
1521 0.911371 3.68215
1522 0.986421 3.73054
1523 0.963183 3.71555
1524 0.862703 3.65076
1525 0.876046 3.65936
1526 1.01496 3.74894
1527 0.917101 3.64869
1528 0.930981 3.69479
1529 0.81728 3.62147
1530 0.9808 3.72692
1531 0.885551 3.6655
1532 0.843601 3.63845
1533 0.898931 3.67413
1534 0.974433 3.72281
1535 0.896347 3.67246
1536 0.831724 3.63079
1537 0.837929 3.63479
1538 0.866354 3.65312
1539 0.859821 3.6489
1540 0.914624 3.68424
1541 0.874916 3.65864
1542 0.843896 3.63863
1543 0.954933 3.71023
1544 0.931411 3.69507
1545 0.882863 3.66376
1546 0.788651 3.60302
1547 1.05314 3.77356
1548 0.864351 3.51985
1549 0.839481 3.63579
1550 0.844649 3.63912
1551 0.831839 3.63086
1552 0.846703 3.64044
1553 0.871089 3.65617
1554 1.03657 3.76287
1555 0.822023 3.53368
1556 0.905259 3.6782
1557 0.854939 3.64576
1558 0.974749 3.72301
1559 0.907673 3.67976
1560 0.873586 3.65778
1561 0.925681 3.69137
1562 0.86043 3.6493
1563 0.922487 3.68931
1564 0.892384 3.6699
1565 0.876846 3.65988
1566 0.910254 3.68142
1567 0.878763 3.66112
1568 0.907153 3.67942
1569 0.906493 3.679
1570 0.87047 3.65577
1571 0.976114 3.72389
1572 0.815106 3.62007
1573 0.977514 3.72479
1574 0.853846 3.64505
1575 0.888004 3.66708
1576 0.87829 3.66082
1577 0.891109 3.66908
1578 0.87371 3.65786
1579 0.905767 3.67853
1580 0.781281 3.59827
1581 0.992291 3.73432
1582 0.870763 3.65596
1583 0.879926 3.66187
1584 0.937221 3.69882
1585 0.986499 3.73059
1586 0.872251 3.65692
1587 0.871066 3.65616
1588 0.914087 3.68389
1589 0.967529 3.71836
1590 0.932884 3.69602
1591 0.936267 3.6982
1592 0.91974 3.68754
1593 0.953359 3.70922
1594 0.820203 3.62336
1595 0.840126 3.6362
1596 0.912661 3.68298
1597 0.90275 3.67659
1598 0.927357 3.69245
1599 0.904753 3.67788
1600 0.879164 3.66138
1601 0.857251 3.64725
1602 0.885186 3.66526
1603 0.863246 3.65111
1604 0.987414 3.73118
1605 0.845516 3.63968
1606 0.969207 3.71944
1607 0.9211 3.68842
1608 0.836237 3.6337
1609 0.940979 3.70124
1610 0.877717 3.66045
1611 0.925439 3.69122
1612 0.860627 3.64943
1613 0.88223 3.66336
1614 0.97394 3.72249
1615 0.960083 3.71356
1616 0.935736 3.69785
1617 0.952827 3.70888
1618 1.02006 3.75223
1619 0.8774 3.61043
1620 0.93758 3.69905
1621 0.931513 3.69513
1622 0.851823 3.64375
1623 0.857459 3.64738
1624 1.01299 3.74767
1625 0.8444 3.6067
1626 0.867763 3.65402
1627 0.952106 3.70841
1628 0.920167 3.68782
1629 0.906513 3.67901
1630 0.861076 3.64972
1631 0.929021 3.69352
1632 1.00428 3.74206
1633 0.799519 3.59938
1634 0.897166 3.67299
1635 0.925844 3.69148
1636 0.84303 3.63808
1637 0.89996 3.67479
1638 0.865393 3.6525
1639 0.904257 3.67756
1640 0.853013 3.64451
1641 0.851226 3.64336
1642 0.86849 3.6545
1643 0.933629 3.6965
1644 0.897606 3.67327
1645 0.88151 3.66289
1646 0.826994 3.62774
1647 0.950937 3.70766
1648 0.845531 3.63969
1649 0.816466 3.62095
1650 0.86438 3.65185
1651 0.912879 3.68312
1652 0.860743 3.6495
1653 0.843304 3.63826
1654 0.845607 3.63974
1655 0.965324 3.71693
1656 0.857937 3.64769
1657 0.926726 3.69205
1658 0.942367 3.70213
1659 0.894066 3.67099
1660 0.874814 3.65857
1661 0.901687 3.6759
1662 0.909491 3.68094
1663 0.958917 3.7128
1664 0.875119 3.65877
1665 0.864607 3.65199
1666 0.768513 3.59003
1667 0.911143 3.682
1668 0.80089 3.6109
1669 0.821466 3.62418
1670 0.955089 3.71033
1671 0.869844 3.65537
1672 0.911531 3.68225
1673 0.90062 3.67522
1674 0.918207 3.68655
1675 0.879019 3.66128
1676 0.745547 3.57522
1677 0.952183 3.70846
1678 0.894974 3.67157
1679 1.03103 3.7593
1680 0.771016 3.51453
1681 0.827856 3.6283
1682 0.935007 3.69739
1683 0.895734 3.67206
1684 0.949131 3.70649
1685 0.91616 3.68524
1686 0.835004 3.6329
1687 0.783667 3.5998
1688 0.886304 3.66598
1689 0.8557 3.64625
1690 0.850301 3.64277
1691 0.896674 3.67267
1692 0.942834 3.70244
1693 0.812509 3.6184
1694 0.825987 3.62709
1695 0.793466 3.60612
1696 0.970707 3.72041
1697 0.947587 3.7055
1698 0.80609 3.61426
1699 0.87671 3.65979
1700 0.934207 3.69687
1701 0.930999 3.6948
1702 0.867301 3.65373
1703 0.902031 3.67612
1704 0.922407 3.68926
1705 0.930886 3.69473
1706 1.02012 3.75226
1707 0.846826 3.59055
1708 0.896673 3.67267
1709 0.891299 3.6692
1710 0.690237 3.53956
1711 0.850394 3.64283
1712 0.849653 3.64235
1713 0.930257 3.69432
1714 0.910226 3.68141
1715 0.88624 3.66594
1716 0.809231 3.61628
1717 0.775844 3.59476
1718 0.949316 3.70662
1719 0.934473 3.69704
1720 0.901796 3.67597
1721 0.923251 3.68981
1722 1.00664 3.74357
1723 0.847484 3.62447
1724 0.845847 3.63989
1725 0.839554 3.63584
1726 0.936889 3.6986
1727 0.872894 3.65733
1728 0.921144 3.68845
1729 0.954909 3.71022
1730 0.975624 3.72358
1731 0.88904 3.66775
1732 0.888424 3.66735
1733 0.809894 3.61671
1734 0.923034 3.68966
1735 0.87408 3.6581
1736 0.892179 3.66977
1737 0.866076 3.65294
1738 0.943353 3.70277
1739 0.866089 3.65295
1740 0.887436 3.66671
1741 0.77357 3.59329
1742 0.859486 3.64869
1743 0.944193 3.70331
1744 0.840936 3.63673
1745 0.883831 3.66439
1746 0.9069 3.67926
1747 0.931224 3.69495
1748 0.837123 3.63427
1749 1.00938 3.74535
1750 0.845436 3.61633
1751 0.920367 3.68795
1752 0.902614 3.6765
1753 0.801164 3.61109
1754 0.900289 3.675
1755 0.914931 3.68444
1756 0.949299 3.7066
1757 0.888894 3.66765
1758 0.822619 3.62492
1759 0.837117 3.63427
1760 0.863286 3.65114
1761 0.851849 3.64377
1762 0.868421 3.65445
1763 0.876056 3.65938
1764 0.967826 3.71855
1765 0.854459 3.64545
1766 0.837851 3.63474
1767 0.987733 3.73139
1768 0.827029 3.62776
1769 0.938793 3.69983
1770 0.953593 3.70937
1771 0.814781 3.61986
1772 1.0375 3.76347
1773 0.840279 3.54317
1774 0.926946 3.69219
1775 0.849493 3.64225
1776 0.922184 3.68912
1777 0.992734 3.73461
1778 0.874517 3.65838
1779 0.898846 3.67407
1780 0.793674 3.60625
1781 1.01911 3.75162
1782 0.937757 3.65172
1783 0.813571 3.61908
1784 0.86 3.64902
1785 0.872979 3.65739
1786 0.886191 3.66591
1787 0.913836 3.68373
1788 0.740627 3.57205
1789 0.855427 3.64607
1790 0.874319 3.65825
1791 0.863429 3.65123
1792 0.909929 3.68122
1793 0.877369 3.66022
1794 0.993101 3.73485
1795 1.03169 3.75973
1796 0.765311 3.5092
1797 0.948889 3.70634
1798 0.836934 3.63415
1799 0.862377 3.65055
1800 0.836721 3.63401
1801 0.796813 3.60827
1802 0.825151 3.62655
1803 0.815317 3.62021
1804 0.872377 3.657
1805 0.885937 3.66574
1806 0.888141 3.66717
1807 0.824684 3.62625
1808 0.802387 3.61187
1809 0.947501 3.70544
1810 0.842399 3.63767
1811 0.915439 3.68477
1812 0.973041 3.72191
1813 0.886343 3.66601
1814 0.89957 3.67453
1815 0.814493 3.61968
1816 0.861966 3.65029
1817 0.929373 3.69376
1818 0.957576 3.71194
1819 0.916911 3.68572
1820 0.884199 3.66462
1821 0.908673 3.68041
1822 0.836616 3.63394
1823 0.938361 3.69955
1824 0.89626 3.6724
1825 0.968206 3.71879
1826 0.858111 3.6478
1827 0.862654 3.65074
1828 0.902 3.6761
1829 0.979289 3.72594
1830 0.880799 3.66243
1831 0.872167 3.65687
1832 0.771967 3.59226
1833 0.925621 3.69134
1834 0.92224 3.68915
1835 0.863734 3.65143
1836 0.845431 3.63962
1837 0.889324 3.66793
1838 0.899689 3.67461
1839 0.92969 3.69396
1840 0.842109 3.63749
1841 0.931407 3.69507
1842 0.859716 3.64884
1843 0.90492 3.67799
1844 0.920036 3.68773
1845 0.883574 3.66422
1846 0.924377 3.69053
1847 0.938851 3.69987
1848 0.881689 3.66301
1849 0.953907 3.70957
1850 0.863677 3.65139
1851 0.881166 3.66267
1852 0.862951 3.65092
1853 0.965776 3.71722
1854 0.856317 3.64665
1855 1.10511 3.80707
1856 0.767559 3.32827
1857 0.938727 3.69978
1858 0.898256 3.67369
1859 0.835899 3.63348
1860 1.02045 3.75248
1861 0.877236 3.60935
1862 0.886499 3.66611
1863 0.894797 3.67146
1864 1.07782 3.78947
1865 0.835986 3.44027
1866 0.778999 3.59679
1867 0.914184 3.68396
1868 1.02916 3.75809
1869 0.837649 3.56217
1870 1.0008 3.73981
1871 0.909084 3.67868
1872 0.93465 3.69715
1873 0.930627 3.69456
1874 0.937557 3.69903
1875 0.844937 3.63931
1876 0.929034 3.69354
1877 0.904449 3.67768
1878 0.951731 3.70817
1879 0.846933 3.64059
1880 0.891567 3.66937
1881 0.95046 3.70735
1882 0.959774 3.71336
1883 0.86908 3.65488
1884 0.900577 3.67519
1885 0.931996 3.69544
1886 0.972524 3.72158
1887 1.00567 3.74295
1888 0.859011 3.63431
1889 0.987531 3.73125
1890 1.00432 3.74208
1891 0.870181 3.64486
1892 0.924487 3.6906
1893 0.976893 3.7244
1894 0.931769 3.6953
1895 0.819137 3.62267
1896 1.02356 3.75449
1897 0.741533 3.51407
1898 0.934867 3.6973
1899 0.837207 3.63432
1900 0.933913 3.69668
1901 0.996086 3.73677
1902 0.902409 3.67636
1903 0.964884 3.71665
1904 0.92881 3.69339
1905 0.911069 3.68195
1906 0.959377 3.7131
1907 0.8394 3.63574
1908 0.926641 3.69199
1909 0.877924 3.66058
1910 0.947527 3.70546
1911 0.88321 3.66399
1912 0.945273 3.70401
1913 0.931126 3.69488
1914 0.848487 3.6416
1915 0.916804 3.68565
1916 0.897599 3.67326
1917 0.934796 3.69725
1918 0.953903 3.70957
1919 0.939646 3.70038
1920 0.873823 3.65793
1921 0.900253 3.67498
1922 0.892097 3.66972
1923 0.870986 3.6561
1924 0.960704 3.71396
1925 0.876349 3.65956
1926 0.916491 3.68545
1927 0.942509 3.70223
1928 0.897179 3.67299
1929 0.960114 3.71358
1930 0.956036 3.71095
1931 0.885947 3.66575
1932 0.899251 3.67433
1933 0.884161 3.6646
1934 0.791267 3.6047
1935 0.788671 3.60303
1936 0.940911 3.70119
1937 0.906956 3.6793
1938 0.825101 3.62652
1939 0.935934 3.69799
1940 0.882839 3.66375
1941 0.880074 3.66197
1942 1.00207 3.74063
1943 0.811007 3.6123
1944 0.846729 3.64047
1945 0.966471 3.71768
1946 0.863673 3.65139
1947 0.90601 3.67869
1948 0.929627 3.69392
1949 0.818567 3.62231
1950 0.897139 3.67297
1951 0.952207 3.70848
1952 0.821541 3.62423
1953 0.89951 3.67449
1954 0.853261 3.64467
1955 0.944606 3.70357
1956 0.980286 3.72658
1957 0.958274 3.71239
1958 1.00336 3.74146
1959 0.893326 3.66216
1960 0.842069 3.63746
1961 0.859209 3.64851
1962 0.846336 3.64021
1963 0.843766 3.63855
1964 0.818917 3.62253
1965 1.01138 3.74663
1966 0.973066 3.69367
1967 0.95649 3.71124
1968 0.831624 3.63073
1969 0.993126 3.73486
1970 0.873397 3.65766
1971 0.905664 3.67847
1972 0.986979 3.7309
1973 0.833536 3.63196
1974 0.930296 3.69435
1975 0.930976 3.69478
1976 0.86825 3.65434
1977 0.8744 3.65831
1978 0.844767 3.6392
1979 0.921387 3.6886
1980 1.01718 3.75037
1981 0.868099 3.61158
1982 1.02756 3.75707
1983 0.951974 3.63991
1984 0.893659 3.67072
1985 0.871003 3.65611
1986 0.894571 3.67132
1987 0.889897 3.6683
1988 0.914401 3.6841
1989 0.97228 3.72142
1990 0.78553 3.601
1991 0.971047 3.72062
1992 0.932069 3.69549
1993 0.904197 3.67752
1994 0.917896 3.68635
1995 0.880799 3.66243
1996 0.91898 3.68705
1997 0.92039 3.68796
1998 0.929297 3.69371
1999 0.91012 3.68134
