0 0.68629 2.80413
1 0.667497 1.49483
2 1.39032 4.68811
3 0.555749 0.919803
4 1.34519 4.6634
5 0.536551 1.27672
6 1.33225 4.65631
7 0.68421 1.43181
8 1.37524 4.49143
9 0.467663 0.882624
10 1.25594 4.61452
11 0.785877 2.07314
12 1.37088 4.19751
13 0.45667 0.70829
14 1.45099 4.72133
15 0.446004 0.670335
16 1.2672 4.62069
17 0.807351 1.99368
18 1.3375 3.8022
19 0.44038 0.709346
20 1.46563 4.72935
21 0.421016 0.655946
22 1.36826 4.67603
23 0.57854 1.10634
24 1.16483 4.56463
25 1.09033 2.91185
26 0.781554 2.07749
27 1.25893 4.19857
28 0.658061 1.71172
29 1.4347 4.71241
30 0.393494 0.66556
31 1.40777 4.69766
32 0.417561 0.73821
33 1.46721 4.73021
34 0.439113 0.659797
35 1.34329 4.66236
36 0.543704 1.29427
37 1.30527 4.64154
38 0.717353 1.6585
39 1.46754 4.46944
40 0.422363 0.643065
41 1.27614 4.62559
42 0.776803 1.91122
43 1.38484 4.07592
44 0.411321 0.668492
45 1.3162 4.64752
46 0.67695 1.55688
47 1.22189 4.59588
48 0.907709 2.38935
49 1.10428 3.19043
50 0.7689 2.23783
51 1.40414 4.66387
52 0.466326 0.758324
53 1.24656 4.60938
54 0.805277 2.15431
55 1.22931 4.01063
56 0.781461 1.87374
57 1.29381 3.91906
58 0.60545 1.21074
59 1.2307 4.60071
60 0.775294 2.26511
61 1.27692 4.55793
62 0.726754 1.83824
63 1.38566 4.57482
64 0.431554 0.842738
65 1.3575 4.67013
66 0.553403 1.18457
67 1.37925 4.68205
68 0.555943 1.01019
69 1.19884 4.58326
70 0.947681 2.58561
71 1.13234 3.07232
72 0.832127 1.91168
73 1.18455 3.37027
74 0.691341 1.7253
75 1.4137 4.70092
76 0.405756 0.686763
77 1.46173 4.72721
78 0.389126 0.649764
79 1.33188 4.65611
80 0.611656 1.40871
81 1.07019 4.51281
82 1.22516 3.79827
83 0.70339 1.7315
84 1.37765 4.68117
85 0.49918 1.00542
86 1.40241 4.69473
87 0.459766 0.793353
88 1.27945 4.62739
89 0.707743 1.85799
90 1.35889 4.6709
91 0.513817 1.16018
92 1.14639 4.55453
93 1.14151 3.07745
94 0.695667 1.78697
95 1.26328 4.61854
96 0.771969 2.0101
97 1.2712 4.22157
98 0.731809 1.65467
99 1.18725 4.14397
100 0.882861 2.35066
101 1.11817 3.36013
102 0.806059 2.3103
103 1.34721 4.2914
104 0.458466 0.975442
105 1.29617 4.63655
106 0.789091 1.75804
107 1.24224 3.63292
108 0.666253 1.46323
109 1.4402 4.71542
110 0.337813 0.648169
111 1.3673 4.67551
112 0.516423 1.09393
113 1.33047 4.65533
114 0.631853 1.42719
115 1.44478 4.71793
116 0.395747 0.660671
117 1.44133 4.71604
118 0.410281 0.666303
119 1.30349 4.64056
120 0.699593 1.6659
121 1.32175 4.61551
122 0.612787 1.46492
123 1.40005 4.69344
124 0.455584 0.811398
125 1.44132 4.71604
126 0.42055 0.668965
127 1.37146 4.67778
128 0.543483 1.06926
129 1.38068 4.68283
130 0.504841 0.982773
131 1.25498 4.614
132 0.832414 2.09961
133 1.20025 3.58858
134 0.756473 1.81272
135 1.27483 4.12197
136 0.699811 1.5435
137 1.31193 4.43137
138 0.648627 1.43146
139 1.42278 4.70588
140 0.415807 0.677787
141 1.31881 4.64895
142 0.619796 1.51507
143 1.36014 4.67158
144 0.535941 1.15762
145 1.42125 4.70505
146 0.385187 0.670731
147 1.32577 4.65276
148 0.613139 1.45764
149 1.4696 4.73152
150 0.396036 0.647301
151 1.44987 4.72072
152 0.394567 0.657602
153 1.49512 4.7455
154 0.421039 0.640051
155 1.40959 4.69866
156 0.428416 0.72628
157 1.29356 4.63512
158 0.724977 1.75393
159 1.44753 4.50612
160 0.439066 0.660407
161 1.3171 4.64801
162 0.713149 1.56314
163 1.26423 4.2751
164 0.762961 1.76134
165 1.30067 3.98201
166 0.594964 1.19356
167 1.23121 4.60098
168 0.944779 2.33215
169 0.985383 2.77914
170 1.08743 2.93736
171 0.840644 2.15129
172 1.17317 3.55228
173 0.77783 2.01763
174 1.3089 4.18144
175 0.595141 1.26378
176 1.45246 4.72214
177 0.406704 0.659346
178 1.46285 4.72783
179 0.353607 0.639925
180 1.3973 4.69193
181 0.512047 0.849882
182 1.35905 4.67098
183 0.539753 1.16762
184 1.51305 4.75532
185 0.365474 0.615813
186 1.45499 4.72352
187 0.393667 0.654599
188 1.43664 4.71348
189 0.399634 0.666094
190 1.32989 4.65502
191 0.64832 1.43773
192 1.40541 4.69637
193 0.425831 0.759627
194 1.46407 4.72849
195 0.400184 0.65137
196 1.34522 4.66341
197 0.57843 1.29101
198 1.29271 4.63466
199 0.730847 1.76289
200 1.24651 4.34207
201 0.722487 1.93718
202 1.23439 4.60272
203 0.89411 2.28608
204 1.13295 3.21183
205 0.819811 2.04377
206 1.23621 3.67613
207 0.690506 1.55174
208 1.34932 4.57452
209 0.524574 1.17641
210 1.32817 4.65407
211 0.689429 1.4663
212 1.42019 4.50238
213 0.44004 0.675922
214 1.40808 4.69783
215 0.406016 0.732589
216 1.31969 4.64944
217 0.675704 1.5287
218 1.39471 4.69051
219 0.454777 0.854519
220 1.57394 4.78866
221 0.352476 0.579557
222 1.30854 4.64333
223 0.645339 1.60549
224 1.30257 4.64006
225 0.66585 1.66029
226 1.37264 4.67843
227 0.529126 1.05518
228 1.46594 4.72952
229 0.391263 0.648043
230 1.4312 4.7105
231 0.46117 0.684932
232 1.36731 4.67551
233 0.517004 1.0941
234 1.4045 4.69587
235 0.430687 0.768323
236 1.3507 4.66641
237 0.56384 1.24233
238 1.43006 4.70987
239 0.406077 0.671324
240 1.24644 4.60932
241 0.885103 2.18811
242 1.14927 3.19576
243 0.83063 1.89577
244 1.15119 3.35163
245 0.736791 2.00099
246 1.30382 4.64074
247 0.722131 1.67186
248 1.28292 4.33396
249 0.687471 1.61883
250 1.33649 4.65863
251 0.66264 1.39023
252 1.21622 4.59277
253 0.8746 2.41938
254 1.20475 3.5512
255 0.648234 1.70844
256 1.26943 4.62191
257 0.777321 1.96414
258 1.32709 4.11835
259 0.546574 1.05108
260 1.35963 4.6713
261 0.524916 1.15799
262 1.27389 4.62435
263 0.700864 1.89873
264 1.47496 4.73445
265 0.369876 0.637587
266 1.40184 4.69442
267 0.423504 0.78788
268 1.4238 4.70644
269 0.389143 0.670357
270 1.38961 4.68772
271 0.471313 0.900542
272 1.36065 4.67187
273 0.567531 1.164
274 1.41544 4.70187
275 0.431939 0.685922
276 1.4713 4.73245
277 0.384647 0.643412
278 1.25397 4.61344
279 0.737726 2.06885
280 1.49779 4.74696
281 0.384736 0.629112
282 1.37364 4.67898
283 0.556706 1.05587
284 1.37546 4.67997
285 0.466461 1.01275
286 1.45945 4.72596
287 0.381271 0.648961
288 1.26265 4.6182
289 0.704569 1.98783
290 1.34568 4.66366
291 0.637254 1.30776
292 1.38982 4.68783
293 0.486087 0.903287
294 1.38781 4.68674
295 0.506353 0.925584
296 1.34937 4.66568
297 0.578219 1.25786
298 1.30673 4.64234
299 0.62523 1.61216
300 1.36281 4.67304
301 0.51387 1.129
302 1.43344 4.71172
303 0.415431 0.671907
304 1.55025 4.77568
305 0.344933 0.590309
306 1.33058 4.6554
307 0.606437 1.41715
308 1.34338 4.6624
309 0.561471 1.29975
310 1.49156 4.74355
311 0.371791 0.629096
312 1.35771 4.67025
313 0.593129 1.19619
314 1.22062 4.59518
315 0.779767 2.34511
316 1.31107 4.64034
317 0.677307 1.59454
318 1.56162 4.78191
319 0.330534 0.580349
320 1.18384 4.57504
321 0.98105 2.71644
322 0.998133 2.87057
323 1.01573 2.89279
324 1.05498 2.78823
325 0.93639 2.30884
326 1.0648 2.85947
327 0.82929 2.25483
328 1.18047 3.84477
329 0.819054 2.17457
330 1.18128 3.85066
331 0.833974 2.17811
332 1.21025 3.68989
333 0.745853 1.79594
334 1.26298 4.21902
335 0.684007 1.70253
336 1.35107 4.66662
337 0.527086 1.22682
338 1.33078 4.65551
339 0.60868 1.41635
340 1.25221 4.61248
341 0.870324 2.1368
342 1.02909 3.21067
343 1.07495 3.00725
344 0.87737 2.34009
345 1.10322 3.38731
346 0.950996 2.52239
347 1.0747 2.95658
348 0.724327 2.22713
349 1.34068 4.66093
350 0.633124 1.34635
351 1.36438 4.67391
352 0.609063 1.14767
353 1.28842 4.63231
354 0.665356 1.77109
355 1.28759 4.63185
356 0.679829 1.78329
357 1.38287 4.68403
358 0.476789 0.956549
359 1.38687 4.68622
360 0.506834 0.933333
361 1.50533 4.75109
362 0.418066 0.633781
363 1.26678 4.62046
364 0.791451 1.99059
365 1.28522 3.96524
366 0.599264 1.31241
367 1.36959 4.67676
368 0.465379 1.05913
369 1.24158 4.60666
370 0.823544 2.20067
371 1.19121 3.83975
372 0.82406 2.08563
373 1.06022 3.60253
374 1.13949 3.1213
375 0.797966 1.88845
376 1.28772 3.73757
377 0.491839 1.09801
378 1.34757 4.6647
379 0.61329 1.28433
380 1.29001 4.63318
381 0.753176 1.79278
382 1.43406 4.21392
383 0.393389 0.642471
384 1.52265 4.76057
385 0.318849 0.598351
386 1.40337 4.69526
387 0.474797 0.789695
388 1.3298 4.65497
389 0.679523 1.44967
390 1.47001 4.62438
391 0.411143 0.645975
392 1.27546 4.62521
393 0.7958 1.92417
394 1.31719 3.83056
395 0.518071 0.92394
396 1.43099 4.71038
397 0.42688 0.676198
398 1.48255 4.73861
399 0.39807 0.640827
400 1.26415 4.61902
401 0.763493 1.99987
402 1.32938 4.33892
403 0.541236 1.18421
404 1.33295 4.6567
405 0.601927 1.39673
406 1.39543 4.69091
407 0.423789 0.839696
408 1.32311 4.65131
409 0.646386 1.49082
410 1.39075 4.68835
411 0.411447 0.873626
412 1.51295 4.75526
413 0.373606 0.618002
414 1.43951 4.71505
415 0.425353 0.671187
416 1.33436 4.65746
417 0.626683 1.39443
418 1.39487 4.6906
419 0.434314 0.847302
420 1.34024 4.66068
421 0.585393 1.33305
422 1.32701 4.65344
423 0.605194 1.44498
424 1.44136 4.71606
425 0.394264 0.662145
426 1.2487 4.61056
427 0.801984 2.13622
428 1.36822 4.09372
429 0.439927 0.686103
430 1.41268 4.70036
431 0.468943 0.711541
432 1.28474 4.63029
433 0.758764 1.83652
434 1.31377 4.1489
435 0.595493 1.20049
436 1.24497 4.60852
437 0.87051 2.19361
438 1.05362 3.27604
439 1.05636 2.86374
440 0.86661 2.34417
441 1.09461 3.4857
442 0.97431 2.69147
443 0.943394 2.87638
444 1.10235 3.38347
445 0.912783 2.50934
446 1.11207 3.27159
447 0.965259 2.33778
448 0.878133 2.57108
449 1.29306 3.77588
450 0.523744 1.09044
451 1.3763 4.68043
452 0.575431 1.0403
453 1.53101 4.76515
454 0.358003 0.604147
455 1.33407 4.65731
456 0.601753 1.3878
457 1.38615 4.68582
458 0.472937 0.928961
459 1.29682 4.63691
460 0.778986 1.74899
461 1.17247 3.70846
462 0.8364 2.15371
463 1.2054 3.62231
464 0.697279 1.77054
465 1.31803 4.64852
466 0.694489 1.54883
467 1.22729 4.45711
468 0.835051 2.21925
469 1.28418 3.77298
470 0.592416 1.18527
471 1.31104 4.64469
472 0.710007 1.61006
473 1.35565 4.42839
474 0.483561 1.00818
475 1.37707 4.68085
476 0.499116 1.01009
477 1.33315 4.6568
478 0.59755 1.39361
479 1.31196 4.6452
480 0.743816 1.61544
481 1.24779 3.97476
482 0.696606 1.66417
483 1.31419 4.64452
484 0.653327 1.5626
485 1.33265 4.65653
486 0.5328 1.37439
487 1.32392 4.65175
488 0.588781 1.46334
489 1.35627 4.66947
490 0.510426 1.17986
491 1.35668 4.66969
492 0.50588 1.17513
493 1.35551 4.66905
494 0.571303 1.20645
495 1.36044 4.67175
496 0.626434 1.18525
497 1.44446 4.71775
498 0.388839 0.65906
499 1.30961 4.64391
500 0.78082 1.64806
501 1.24135 3.57279
502 0.587596 1.40092
503 1.31296 4.64575
504 0.707231 1.59381
505 1.28583 4.40116
506 0.664941 1.63277
507 1.47266 4.7332
508 0.360971 0.636515
509 1.16236 4.56328
510 1.09012 2.9309
511 0.832911 2.11938
512 1.13935 3.58295
513 0.936199 2.3791
514 0.981677 2.89377
515 0.901031 2.99871
516 1.30414 4.14231
517 0.614153 1.28284
518 1.44938 4.72045
519 0.400907 0.65951
520 1.33017 4.65517
521 0.633334 1.43009
522 1.47395 4.73391
523 0.417491 0.650535
524 1.28909 4.63267
525 0.706521 1.78192
526 1.5166 4.75726
527 0.381016 0.61798
528 1.39111 4.68854
529 0.432683 0.877019
530 1.46555 4.72931
531 0.387884 0.647372
532 1.26055 4.61705
533 0.794654 2.04069
534 1.36502 4.0399
535 0.414687 0.678887
536 1.2428 4.60733
537 0.781114 2.17361
538 1.25949 4.34482
539 0.706717 1.82661
540 1.36667 4.67516
541 0.52127 1.10056
542 1.26099 4.61729
543 0.843019 2.05683
544 1.21933 3.44005
545 0.62992 1.48307
546 1.17844 4.57208
547 1.16581 2.83926
548 0.593877 1.30412
549 1.25439 4.61367
550 0.760791 2.075
551 1.2216 4.42391
552 0.80313 2.22955
553 1.24279 4.15371
554 0.853969 1.89
555 1.0347 3.10456
556 1.01949 2.82994
557 0.917566 2.63448
558 1.26436 3.42661
559 0.525713 1.05293
560 1.30535 4.64158
561 0.705673 1.65349
562 1.26964 4.4969
563 0.765076 1.87105
564 1.26437 4.09807
565 0.657116 1.59761
566 1.36014 4.67158
567 0.539146 1.15866
568 1.35551 4.66904
569 0.56757 1.20523
570 1.30069 4.63903
571 0.756461 1.70965
572 1.13913 3.90487
573 1.03471 2.64309
574 0.823321 2.28297
575 1.24527 3.99022
576 0.683284 1.69039
577 1.33153 4.65592
578 0.603929 1.4087
579 1.35344 4.66791
580 0.493564 1.19665
581 1.48273 4.73871
582 0.373284 0.634266
583 1.31482 4.64677
584 0.690356 1.57274
585 1.46542 4.66964
586 0.379666 0.642499
587 1.30158 4.63952
588 0.706179 1.68341
589 1.43301 4.62234
590 0.421173 0.669422
591 1.39901 4.69287
592 0.4672 0.823147
593 1.42455 4.70685
594 0.377529 0.666957
595 1.25535 4.6142
596 0.819663 2.09149
597 1.23433 3.74718
598 0.69689 1.61858
599 1.34238 4.59075
600 0.566923 1.26003
601 1.28094 4.62822
602 0.73347 1.8564
603 1.26884 4.4579
604 0.811973 1.86908
605 1.12702 3.4651
606 0.957561 2.40754
607 1.01619 2.763
608 0.8858 2.58088
609 1.27579 3.68864
610 0.544581 1.18084
611 1.38283 4.68401
612 0.47499 0.956307
613 1.31827 4.64865
614 0.708297 1.55206
615 1.39144 4.38392
616 0.434036 0.685075
617 1.42376 4.70642
618 0.46996 0.691218
619 1.3333 4.65688
620 0.643574 1.40886
621 1.39191 4.68898
622 0.449134 0.875474
623 1.28125 4.62838
624 0.838517 1.89536
625 1.08095 3.2555
626 0.90809 2.55401
627 1.234 3.40974
628 0.60787 1.32049
629 1.35455 4.66852
630 0.541369 1.204
631 1.38818 4.68694
632 0.539676 0.93252
633 1.19895 4.58331
634 0.943177 2.58287
635 1.1162 3.09913
636 0.750333 2.04009
637 1.33158 4.55728
638 0.577731 1.33039
639 1.35118 4.66668
640 0.544106 1.23176
641 1.27194 4.62328
642 0.740874 1.9299
643 1.37483 4.53302
644 0.483681 0.920189
645 1.31719 4.64806
646 0.603847 1.52192
647 1.42093 4.70487
648 0.39085 0.672358
649 1.22 4.59484
650 0.859293 2.38356
651 1.24157 3.70143
652 0.6199 1.49888
653 1.2601 4.6168
654 0.748534 2.02546
655 1.42832 4.60976
656 0.389116 0.663201
657 1.38475 4.68506
658 0.515184 0.953045
659 1.33595 4.65834
660 0.59419 1.37018
661 1.34734 4.66457
662 0.589617 1.27798
663 1.43286 4.7114
664 0.398859 0.667948
665 1.29193 4.63423
666 0.613856 1.72363
667 1.36147 4.67231
668 0.488481 1.13127
669 1.22747 4.59893
670 0.930087 2.35523
671 1.01222 2.93345
672 1.03048 2.84704
673 0.943604 2.57289
674 1.10266 3.07962
675 0.81054 2.15678
676 1.04204 3.85765
677 1.2592 3.49615
678 0.553573 1.17821
679 1.54061 4.7704
680 0.314397 0.587433
681 1.23702 4.60416
682 0.88629 2.26232
683 1.12567 3.24859
684 0.868859 2.16157
685 1.16496 3.30864
686 0.687704 1.82393
687 1.17099 4.568
688 0.999046 2.82383
689 0.966766 2.81697
690 1.03741 3.10473
691 1.00289 2.80058
692 1.04712 2.79762
693 0.798407 2.32507
694 1.2026 4.32937
695 0.777536 2.3085
696 1.44594 4.68687
697 0.423731 0.665797
698 1.20449 4.58635
699 0.908463 2.52488
700 1.20028 3.36234
701 0.689797 1.58515
702 1.29151 4.59959
703 0.714113 1.74195
704 1.36479 4.5752
705 0.537493 1.05137
706 1.5243 4.76148
707 0.34975 0.605594
708 1.33985 4.66047
709 0.595956 1.33986
710 1.03138 4.49156
711 1.22553 4.24198
712 0.759467 2.05476
713 1.36424 4.48643
714 0.507823 0.984192
715 1.32426 4.65193
716 0.575347 1.45581
717 1.1593 4.56161
718 1.10021 2.95907
719 0.828703 2.0626
720 1.21288 3.58505
721 0.714481 1.69043
722 1.47762 4.55628
723 0.360473 0.625246
724 1.2639 4.61888
725 0.734516 1.99016
726 1.39994 4.69338
727 0.441203 0.808253
728 1.37641 4.68049
729 0.543669 1.02936
730 1.45782 4.72507
731 0.393147 0.652927
732 1.32752 4.65372
733 0.568636 1.42765
734 1.37924 4.68204
735 0.490944 0.990115
736 1.33313 4.6568
737 0.594887 1.39278
738 1.4096 4.69867
739 0.415046 0.722634
740 1.32605 4.65291
741 0.546237 1.43113
742 1.28428 4.63004
743 0.773807 1.84602
744 1.1739 3.91154
745 0.84985 2.28634
746 1.22953 3.66634
747 0.694666 1.60169
748 1.24231 4.53868
749 0.925723 2.18983
750 0.953343 2.77988
751 1.14635 3.22629
752 0.765499 1.92537
753 1.1439 4.11022
754 0.985046 2.72343
755 1.03822 2.86262
756 0.978683 2.53994
757 0.967869 2.70082
758 0.967486 2.94879
759 1.05846 3.2399
760 0.9545 2.74289
761 1.04711 3.13512
762 0.956376 2.73125
763 1.06857 3.11792
764 1.00029 2.55661
765 0.882454 2.50386
766 1.12687 3.54474
767 0.995083 2.47941
768 0.844226 2.45335
769 1.31636 4.02483
770 0.557554 1.07942
771 1.21748 4.59346
772 1.03848 2.47915
773 0.777527 2.06956
774 1.33255 4.27358
775 0.507577 1.10113
776 1.37797 4.68135
777 0.561014 1.02221
778 1.30674 4.64234
779 0.681817 1.63347
780 1.18594 4.57619
781 1.10736 2.75521
782 0.757596 1.76851
783 1.14559 3.97914
784 0.909827 2.58747
785 1.13733 3.38463
786 0.82404 2.18467
787 1.26081 3.84425
788 0.518033 1.40162
789 1.27822 4.62672
790 0.73094 1.87678
791 1.27679 4.52196
792 0.741603 1.82027
793 1.2701 4.30891
794 0.77784 1.74197
795 1.40981 3.82603
796 0.335867 0.623106
797 1.41787 4.70319
798 0.388267 0.673359
799 1.2886 4.63241
800 0.675911 1.77381
801 1.19063 4.57876
802 0.886099 2.62255
803 1.11242 3.66906
804 0.940333 2.65761
805 1.09851 3.18872
806 0.863651 2.3233
807 1.1044 3.49523
808 0.849889 2.56515
809 1.34217 4.13555
810 0.452897 0.907324
811 1.36789 4.67582
812 0.576516 1.10872
813 1.32441 4.65202
814 0.639197 1.47789
815 1.21705 4.59323
816 0.863794 2.40837
817 1.26157 3.69302
818 0.633611 1.33266
819 1.37009 4.67703
820 0.518599 1.07232
821 1.35778 4.67029
822 0.518659 1.17067
823 1.40214 4.69458
824 0.44766 0.792203
825 1.44673 4.719
826 0.384637 0.656733
827 1.28902 4.63263
828 0.727629 1.7907
829 1.43571 4.52159
830 0.392116 0.655622
831 1.30323 4.64042
832 0.592936 1.62736
833 1.3831 4.68416
834 0.50831 0.964293
835 1.29063 4.63352
836 0.678291 1.75883
837 1.32887 4.65446
838 0.628396 1.43864
839 1.38918 4.68748
840 0.450244 0.897749
841 1.39175 4.68889
842 0.453664 0.878075
843 1.35217 4.66722
844 0.584386 1.23761
845 1.32028 4.64975
846 0.66721 1.52095
847 1.40287 4.69498
848 0.438629 0.783744
849 1.42537 4.7073
850 0.397156 0.671572
851 1.31668 4.64778
852 0.631307 1.53615
853 1.4431 4.71701
854 0.385521 0.658933
855 1.65131 4.83102
856 0.283551 0.519415
857 1.40269 4.69488
858 0.447321 0.78766
859 1.24904 4.61074
860 0.933971 2.18783
861 0.976816 2.72105
862 1.02615 2.92214
863 0.97221 2.69607
864 1.25241 3.03538
865 0.425949 0.717437
866 1.16401 4.56419
867 1.0478 2.89934
868 1.04599 2.52676
869 0.765297 2.05023
870 1.45632 4.45809
871 0.391604 0.640832
872 1.39659 4.69154
873 0.478841 0.846142
874 1.40094 4.69393
875 0.424781 0.795553
876 1.3882 4.68695
877 0.485979 0.916305
878 1.42212 4.70552
879 0.390951 0.671737
880 1.33222 4.65629
881 0.655207 1.42165
882 1.43414 4.7121
883 0.395501 0.666386
884 1.34568 4.66366
885 0.608406 1.29773
886 1.45319 4.72254
887 0.447251 0.669471
888 1.28965 4.63299
889 0.794917 1.81185
890 1.35697 3.69492
891 0.39392 0.661958
892 1.38141 4.68323
893 0.54293 0.988652
894 1.39229 4.68918
895 0.431053 0.867097
896 1.52945 4.76429
897 0.305044 0.591019
898 1.39692 4.69172
899 0.430034 0.82951
900 1.39549 4.69094
901 0.515499 0.865678
902 1.34842 4.66517
903 0.622703 1.28077
904 1.38787 4.68676
905 0.490367 0.920332
906 1.43354 4.71178
907 0.382266 0.663289
908 1.38463 4.68499
909 0.480254 0.943453
910 1.41584 4.70208
911 0.410711 0.680245
912 1.41247 4.70024
913 0.438956 0.705491
914 1.26785 4.62104
915 0.792277 1.98253
916 1.24991 3.92593
917 0.700736 1.61459
918 1.40798 4.57432
919 0.435469 0.685036
920 1.3057 4.64177
921 0.68542 1.64301
922 1.33301 4.65673
923 0.59855 1.39506
924 1.43553 4.71286
925 0.398147 0.666314
926 1.36946 4.67669
927 0.554403 1.0889
928 1.3406 4.66089
929 0.64 1.34933
930 1.42855 4.70904
931 0.405866 0.672095
932 1.3437 4.66258
933 0.581936 1.30431
934 1.18235 4.57422
935 0.864671 2.67717
936 1.33109 4.11729
937 0.512199 1.00585
938 1.2329 4.60191
939 0.897627 2.29919
940 1.09214 3.17775
941 0.8685 2.36666
942 1.34272 3.61123
943 0.369814 0.659879
944 1.26522 4.6196
945 0.842093 2.02319
946 1.12289 3.37041
947 0.875573 2.31103
948 1.21252 3.4233
949 0.595234 1.51003
950 1.34054 4.66085
951 0.634886 1.34802
952 1.22758 4.599
953 0.875689 2.33149
954 1.11872 3.39955
955 0.93394 2.39964
956 1.14508 3.00517
957 0.741819 1.70157
958 1.42655 4.2143
959 0.390524 0.645986
960 1.25826 4.61579
961 0.764883 2.0465
962 1.23149 4.33885
963 0.75944 2.07256
964 1.20416 4.42713
965 1.01028 2.46131
966 0.953871 2.35706
967 1.04856 2.75722
968 0.802006 2.27442
969 1.42859 4.32965
970 0.384461 0.648653
971 1.35328 4.66783
972 0.623924 1.24214
973 1.24551 4.60881
974 0.860379 2.18522
975 1.214 3.42313
976 0.627611 1.50944
977 1.30657 4.64225
978 0.641196 1.61948
979 1.37678 4.68069
980 0.578116 1.03723
981 1.31596 4.64739
982 0.753729 1.58726
983 1.34097 3.86025
984 0.425679 0.716793
985 1.30149 4.63946
986 0.69133 1.67848
987 1.32972 4.65493
988 0.63655 1.4348
989 1.45282 4.72234
990 0.349504 0.64432
991 1.45098 4.72133
992 0.415637 0.662464
993 1.35109 4.66663
994 0.585717 1.2467
995 1.31613 4.64748
996 0.673667 1.55621
997 1.37529 4.67988
998 0.531931 1.03477
999 1.35994 4.67147
1000 1.11197 4.97559
1001 0.90422 3.54101
1002 1.02362 4.71343
1003 1.11884 4.49684
1004 0.7837 3.08654
1005 0.919227 4.82783
1006 0.999187 4.88913
1007 1.11245 4.97595
1008 0.904679 3.53744
1009 0.973669 4.66486
1010 0.941953 4.84525
1011 0.982383 4.87624
1012 1.07927 4.95052
1013 0.98942 3.92565
1014 1.00359 4.06402
1015 1.02913 4.03762
1016 0.837137 3.58334
1017 1.04486 4.92414
1018 1.03996 4.37887
1019 0.944016 3.82802
1020 1.06333 4.59015
1021 0.964853 3.75232
1022 0.959939 4.17539
1023 1.07514 4.74273
1024 0.782506 3.6348
1025 1.06816 4.942
1026 0.899431 3.99934
1027 0.985154 4.87837
1028 0.935064 4.83997
1029 1.07602 4.94803
1030 0.886184 3.89584
1031 1.05582 4.93255
1032 0.905359 4.15162
1033 1.10041 4.96673
1034 0.993687 3.69208
1035 0.900106 3.68689
1036 0.924186 4.83163
1037 0.978956 4.87362
1038 1.05428 4.93137
1039 1.06016 4.27853
1040 0.955424 3.55368
1041 0.881379 3.96656
1042 1.03435 4.91608
1043 1.0619 4.52223
1044 0.905649 3.66904
1045 0.985023 4.85557
1046 1.03517 4.91671
1047 0.879913 4.38036
1048 1.02858 4.91166
1049 0.966013 4.52187
1050 0.90095 4.81381
1051 1.05643 4.933
1052 1.00555 4.21431
1053 0.869293 4.05281
1054 0.978817 4.87351
1055 0.979479 4.87402
1056 1.05761 4.93392
1057 0.97626 4.17952
1058 1.04623 4.51663
1059 0.839294 3.8155
1060 0.90033 4.81334
1061 0.964241 4.86234
1062 0.989337 4.88157
1063 1.05076 4.92866
1064 0.880059 4.19455
1065 1.01812 4.90364
1066 0.978649 4.65665
1067 1.03444 4.91615
1068 1.06607 4.52417
1069 0.79345 3.5625
1070 1.00997 4.89739
1071 1.05112 4.80895
1072 1.0405 4.18182
1073 0.905997 3.62612
1074 0.973587 4.77889
1075 1.06028 4.93596
1076 0.90516 4.09804
1077 1.09629 4.96357
1078 0.882016 3.65347
1079 0.99891 4.88891
1080 0.99304 4.88441
1081 0.80264 4.73845
1082 0.998214 4.88838
1083 0.998461 4.88857
1084 1.03324 4.91523
1085 0.951216 4.45522
1086 1.05181 4.92947
1087 0.9725 4.24702
1088 0.933166 4.54887
1089 0.952539 4.85337
1090 1.01917 4.90444
1091 0.913123 4.59533
1092 0.859794 4.78226
1093 1.07141 4.9445
1094 0.884977 3.95043
1095 0.947461 4.84947
1096 0.986956 4.87975
1097 0.993043 4.88442
1098 1.08005 4.95112
1099 0.846384 3.82083
1100 1.01047 4.89778
1101 0.95451 4.73
1102 0.925221 4.83242
1103 1.04914 4.92742
1104 0.866251 4.20408
1105 0.972123 4.86838
1106 1.12328 4.98426
1107 0.867366 3.42596
1108 1.06334 4.93831
1109 1.00267 4.12836
1110 0.775326 3.94018
1111 1.02548 4.90928
1112 0.946077 4.54444
1113 0.99785 4.8881
1114 1.02015 4.9052
1115 1.05885 4.69189
1116 0.898786 3.86834
1117 1.081 4.95184
1118 0.925629 3.86217
1119 0.97028 4.7879
1120 1.02167 4.90636
1121 0.970367 4.60793
1122 0.968033 4.86524
1123 1.05004 4.92811
1124 0.953456 4.25494
1125 1.07671 4.90645
1126 0.94972 3.88779
1127 0.993739 4.52604
1128 1.0171 4.61861
1129 0.987706 4.39107
1130 0.981681 4.53469
1131 0.930411 4.71565
1132 1.03754 4.91853
1133 0.956594 4.40747
1134 1.0461 4.9251
1135 0.953859 4.30258
1136 1.08116 4.95196
1137 0.91291 3.85179
1138 1.04815 4.92667
1139 1.00889 4.31689
1140 0.945004 4.16462
1141 0.986811 4.85516
1142 0.957034 4.85681
1143 1.0201 4.90516
1144 0.956657 4.61655
1145 1.06594 4.9403
1146 0.864434 4.00213
1147 0.994327 4.8854
1148 0.972077 4.86834
1149 1.1022 4.9681
1150 0.895557 3.61447
1151 1.0874 4.95676
1152 0.892241 3.76267
1153 1.12134 4.98277
1154 0.94448 3.49068
1155 0.978384 4.08158
1156 0.951663 4.32385
1157 0.970167 4.86688
1158 1.0228 4.90723
1159 1.08028 4.6757
1160 0.986694 3.66589
1161 0.887389 3.73084
1162 1.09418 4.96195
1163 0.877083 3.67096
1164 1.07979 4.95092
1165 0.949094 3.89241
1166 1.04186 4.57383
1167 0.849424 3.93433
1168 1.09872 4.96543
1169 0.878299 3.63154
1170 1.05666 4.93318
1171 0.962621 4.18158
1172 0.957687 4.62721
1173 0.992419 4.88394
1174 1.02881 4.91184
1175 1.00371 4.54675
1176 1.04922 4.53514
1177 0.929156 3.85543
1178 1.08359 4.82224
1179 0.805207 3.62077
1180 1.04797 4.92653
1181 1.05862 4.35431
1182 0.888209 3.57427
1183 0.981161 4.87531
1184 1.13479 4.99308
1185 0.814926 3.29952
1186 1.09124 4.9597
1187 0.891463 3.71579
1188 1.07748 4.94915
1189 0.90048 3.88783
1190 0.997416 4.88777
1191 1.04438 4.92377
1192 1.00108 4.35706
1193 0.922649 4.28814
1194 1.09805 4.96492
1195 0.906449 3.655
1196 1.00377 4.83874
1197 0.98182 4.77695
1198 0.969529 4.86639
1199 1.0281 4.91129
1200 0.92994 4.50122
1201 0.943524 4.84645
1202 0.925794 4.83286
1203 1.0492 4.92747
1204 0.964864 4.27307
1205 1.02561 4.74044
1206 0.975254 4.39524
1207 1.043 4.74309
1208 0.954226 4.16034
1209 0.933291 4.69395
1210 0.996124 4.88678
1211 1.10318 4.96885
1212 0.953771 3.64394
1213 1.01818 4.2167
1214 0.966199 3.96035
1215 0.897309 4.31942
1216 0.989769 4.8819
1217 1.04683 4.92565
1218 0.990554 4.31993
1219 0.939233 4.39684
1220 1.18046 5.02809
1221 0.768037 2.89956
1222 0.981407 4.8755
1223 0.95962 4.85879
1224 0.976926 4.87206
1225 0.969249 4.86617
1226 1.02948 4.91235
1227 0.988963 4.52789
1228 1.07649 4.72569
1229 0.893867 3.67275
1230 1.0734 4.94602
1231 1.03764 4.02961
1232 0.885321 3.53647
1233 0.975297 4.87081
1234 1.05337 4.93067
1235 0.919733 4.19109
1236 1.01302 4.89974
1237 0.974021 4.71422
1238 1.07255 4.94537
1239 0.913406 3.95603
1240 0.934829 4.83979
1241 1.07547 4.94761
1242 0.95426 3.94821
1243 1.08511 4.59519
1244 0.857207 3.48776
1245 0.940081 4.84381
1246 0.977861 4.87277
1247 1.05582 4.93254
1248 0.928649 4.16792
1249 1.02346 4.90773
1250 0.97574 4.59054
1251 1.09567 4.9631
1252 0.812964 3.61396
1253 0.975884 4.87126
1254 1.00716 4.89524
1255 0.913429 4.73843
1256 0.95207 4.85301
1257 1.01308 4.89978
1258 1.03539 4.75963
1259 1.00448 4.30996
1260 0.958579 4.22349
1261 0.944177 4.70967
1262 0.955413 4.85557
1263 0.926479 4.83338
1264 1.10622 4.97118
1265 0.835034 3.54319
1266 1.05138 4.92914
1267 0.893489 4.19653
1268 1.06785 4.94177
1269 0.873887 3.98564
1270 1.04221 4.92211
1271 0.942734 4.34146
1272 1.02049 4.90546
1273 1.0149 4.65519
1274 1.01903 4.47853
1275 0.976346 4.21813
1276 1.06502 4.56792
1277 0.883196 3.65826
1278 0.940477 4.84412
1279 0.916723 4.82591
1280 1.12334 4.98431
1281 0.862291 3.42222
1282 1.03023 4.91292
1283 1.0445 4.55943
1284 0.944283 3.95047
1285 0.89432 4.58316
1286 1.09458 4.96226
1287 0.864464 3.65796
1288 0.946986 4.84911
1289 0.899016 4.81233
1290 1.00926 4.89685
1291 1.08251 4.84128
1292 0.934027 3.73705
1293 0.99229 4.5746
1294 1.01953 4.68752
1295 1.00909 4.44438
1296 0.958489 4.29855
1297 1.00218 4.82915
1298 0.971853 4.78002
1299 0.923684 4.83124
1300 1.02211 4.9067
1301 0.926079 4.56993
1302 1.07508 4.94731
1303 0.93528 3.94019
1304 1.14904 4.87816
1305 0.76465 3.06857
1306 0.997934 4.88816
1307 0.979554 4.87407
1308 1.00753 4.89552
1309 0.946599 4.75911
1310 1.11867 4.98072
1311 0.834974 3.44263
1312 1.01828 4.90376
1313 1.04968 4.70769
1314 0.845004 3.96463
1315 0.880533 4.79816
1316 0.98373 4.87727
1317 1.01783 4.90342
1318 1.14757 4.78612
1319 0.734009 3.00096
1320 0.88788 4.80379
1321 1.00654 4.89476
1322 0.970747 4.78931
1323 0.990837 4.88272
1324 1.06888 4.94255
1325 1.01123 4.0669
1326 0.960609 3.89623
1327 0.929691 4.35003
1328 0.954793 4.85509
1329 0.990113 4.88217
1330 0.954891 4.85517
1331 1.00914 4.89675
1332 0.986559 4.77018
1333 1.03699 4.91811
1334 0.945123 4.40579
1335 0.980167 4.87455
1336 1.0133 4.89995
1337 0.911674 4.66406
1338 0.998086 4.88828
1339 0.983953 4.87745
1340 0.939157 4.84311
1341 1.0758 4.94786
1342 0.83753 3.86582
1343 1.02108 4.90591
1344 0.98311 4.62449
1345 0.939817 4.79376
1346 1.03576 4.91716
1347 0.994467 4.45633
1348 0.8173 4.3935
1349 1.00551 4.89397
1350 1.05809 4.86802
1351 0.949581 4.08868
1352 1.11688 4.81967
1353 0.800833 3.32885
1354 0.922501 4.83034
1355 0.965689 4.86345
1356 0.939921 4.84369
1357 1.03715 4.91823
1358 0.92758 4.39121
1359 1.04015 4.92053
1360 1.00229 4.40892
1361 1.07473 4.43314
1362 0.958823 3.53365
1363 0.868309 3.8841
1364 1.02293 4.90733
1365 1.00516 4.61856
1366 0.986859 4.54304
1367 1.0098 4.71798
1368 0.862317 4.49131
1369 0.931183 4.83699
1370 0.986554 4.87944
1371 0.964541 4.86257
1372 1.03134 4.91378
1373 0.843759 4.3996
1374 1.05563 4.9324
1375 1.00846 4.22599
1376 0.982554 4.10537
1377 0.872753 4.2384
1378 1.01068 4.89793
1379 1.04836 4.79838
1380 0.902827 4.11135
1381 1.04987 4.92798
1382 1.06699 4.33712
1383 0.870927 3.48017
1384 1.14198 4.9986
1385 0.708581 3.17439
1386 1.05253 4.93002
1387 1.00869 4.26378
1388 0.928209 4.1027
1389 1.09427 4.96202
1390 0.995314 3.74628
1391 0.961649 3.78164
1392 0.901089 4.20367
1393 1.0573 4.93368
1394 1.00488 4.20325
1395 1.00567 4.1446
1396 0.990771 4.06545
1397 0.977769 4.16837
1398 1.06609 4.50051
1399 0.9144 3.62433
1400 0.92999 4.63518
1401 0.978759 4.87347
1402 1.02926 4.91218
1403 0.942879 4.49678
1404 0.999713 4.88953
1405 0.981379 4.87547
1406 1.04657 4.92545
1407 0.869017 4.23666
1408 0.992333 4.88387
1409 1.01443 4.90081
1410 1.02602 4.73641
1411 0.829531 4.28128
1412 1.13471 4.99303
1413 0.833086 3.3116
1414 1.07963 4.9508
1415 0.959164 3.901
1416 0.956793 4.39251
1417 1.02744 4.91079
1418 1.01364 4.57053
1419 0.893794 4.31993
1420 1.00518 4.89372
1421 0.976949 4.81025
1422 0.995254 4.88611
1423 0.96406 4.8622
1424 1.08102 4.95186
1425 0.889501 3.83789
1426 0.936526 4.84109
1427 0.981014 4.87519
1428 1.08866 4.95772
1429 0.95719 3.79002
1430 1.0045 4.34172
1431 1.05253 4.32111
1432 0.846154 3.5773
1433 1.03915 4.91976
1434 0.99044 4.41257
1435 1.0381 4.56258
1436 0.86215 3.9796
1437 1.05318 4.93052
1438 0.868307 4.15733
1439 1.04549 4.92462
1440 0.940659 4.30061
1441 0.916526 4.82576
1442 1.00674 4.89491
1443 0.90889 4.73998
1444 0.944426 4.84714
1445 0.993019 4.8844
1446 0.983653 4.87722
1447 1.12372 4.9846
1448 0.782327 3.36831
1449 1.05978 4.93558
1450 0.924206 4.11719
1451 1.03222 4.91445
1452 1.09073 4.56904
1453 0.966464 3.49161
1454 0.895951 3.74086
1455 1.00055 4.89017
1456 0.984836 4.87153
1457 1.03961 4.92012
1458 0.932469 4.36525
1459 0.972611 4.86875
1460 1.11139 4.97514
1461 0.829847 3.49816
1462 1.02181 4.90647
1463 0.975237 4.60985
1464 0.972166 4.86841
1465 0.988523 4.88095
1466 1.06926 4.94284
1467 0.860466 3.9596
1468 0.995221 4.88608
1469 1.05235 4.92988
1470 1.01301 4.26898
1471 0.910499 4.04062
1472 1.06537 4.93986
1473 0.964456 4.07748
1474 0.92094 4.47398
1475 1.0328 4.91489
1476 0.948927 4.4588
1477 0.99986 4.88964
1478 0.974997 4.87058
1479 0.983969 4.87746
1480 1.11984 4.98162
1481 0.84643 3.44046
1482 1.01758 4.90323
1483 0.9662 4.6538
1484 0.992303 4.88385
1485 0.999483 4.88935
1486 0.867623 4.78827
1487 0.992943 4.88434
1488 0.926886 4.8337
1489 1.0172 4.90294
1490 0.898797 4.60802
1491 1.01751 4.90317
1492 0.892049 4.59939
1493 1.01663 4.9025
1494 1.00333 4.69292
1495 0.99726 4.64836
1496 1.12344 4.77545
1497 0.876941 3.29095
1498 0.950166 4.64157
1499 0.982204 4.87611
1500 1.16554 5.01666
1501 0.792724 3.03615
1502 0.953579 4.85416
1503 0.98472 4.87803
1504 1.06866 4.94239
1505 0.910197 4.00069
1506 0.979859 4.87431
1507 1.1045 4.96986
1508 0.815506 3.54454
1509 0.871769 4.79145
1510 1.06174 4.93708
1511 0.958346 4.11724
1512 0.924481 4.59288
1513 1.06925 4.94284
1514 0.878191 3.97179
1515 0.838503 4.76594
1516 1.02897 4.91196
1517 1.02878 4.56317
1518 1.01594 4.20549
1519 0.921656 3.94777
1520 0.997626 4.88793
1521 1.02136 4.90612
1522 1.07873 4.69207
1523 0.95338 3.66879
1524 0.908276 4.18197
1525 0.981769 4.87577
1526 1.13745 4.99512
1527 0.848536 3.29915
1528 1.04333 4.92297
1529 0.87096 4.27666
1530 1.09916 4.96577
1531 0.878197 3.62784
1532 0.945409 4.8479
1533 1.00742 4.89543
1534 1.08286 4.86379
1535 0.901823 3.73425
1536 0.932099 4.8377
1537 0.939051 4.84302
1538 0.970909 4.86745
1539 0.963587 4.86184
1540 1.025 4.90892
1541 0.952739 4.55501
1542 0.945739 4.84815
1543 1.07018 4.94355
1544 0.96086 4.01685
1545 0.954633 4.48413
1546 0.883829 4.80069
1547 1.18024 5.02793
1548 0.747497 2.88873
1549 0.940791 4.84436
1550 0.946581 4.8488
1551 0.932226 4.83779
1552 0.948884 4.85056
1553 0.976214 4.87152
1554 1.16166 5.01368
1555 0.732857 3.0305
1556 1.01451 4.90087
1557 0.942373 4.67276
1558 1.09238 4.96057
1559 0.910789 3.71454
1560 0.975496 4.83311
1561 1.03739 4.91842
1562 0.923433 4.38531
1563 1.03382 4.91567
1564 0.96178 4.45598
1565 0.982664 4.87646
1566 1.02011 4.90516
1567 0.96239 4.62078
1568 1.01663 4.9025
1569 0.996759 4.68806
1570 0.960729 4.69989
1571 1.09391 4.96175
1572 0.81632 3.63493
1573 1.09548 4.96295
1574 0.853159 3.64142
1575 0.99517 4.88605
1576 0.984283 4.8777
1577 0.998649 4.88871
1578 0.979151 4.87376
1579 1.01508 4.90131
1580 0.860619 4.6047
1581 1.11204 4.97565
1582 0.840691 3.4998
1583 0.986117 4.87911
1584 1.05033 4.92833
1585 1.04254 4.31433
1586 0.874709 3.6853
1587 0.976189 4.87149
1588 1.0244 4.90846
1589 1.05433 4.63719
1590 0.95225 3.90736
1591 1.01244 4.52699
1592 0.980046 4.35352
1593 1.04001 4.63786
1594 0.853101 4.02367
1595 0.941514 4.84491
1596 1.0228 4.90723
1597 0.985567 4.60562
1598 1.02942 4.8118
1599 0.970546 4.41456
1600 0.975961 4.77175
1601 0.960707 4.85962
1602 0.992011 4.88363
1603 0.967424 4.86478
1604 1.10658 4.97146
1605 0.825727 3.53433
1606 1.08617 4.95581
1607 0.931521 3.80336
1608 0.918376 4.6168
1609 1.05454 4.93156
1610 0.922889 4.17933
1611 1.03712 4.91821
1612 0.92394 4.38892
1613 0.988699 4.88108
1614 1.09148 4.95988
1615 0.964481 3.76041
1616 0.982204 4.20367
1617 1.02166 4.44693
1618 1.0657 4.21472
1619 0.836961 3.38839
1620 1.05073 4.92864
1621 0.983954 4.26813
1622 0.917124 4.41316
1623 0.960939 4.85981
1624 1.13524 4.99343
1625 0.78382 3.27627
1626 0.972486 4.86866
1627 1.06701 4.94112
1628 0.952959 4.04981
1629 0.99294 4.64515
1630 0.950887 4.69823
1631 1.04114 4.92128
1632 1.07305 4.44781
1633 0.771169 3.43811
1634 1.00544 4.89392
1635 1.03119 4.8484
1636 0.905581 4.38161
1637 1.00857 4.89632
1638 0.96042 4.75721
1639 1.01339 4.90001
1640 0.941466 4.68545
1641 0.953953 4.85445
1642 0.973301 4.86928
1643 1.0463 4.92524
1644 0.953184 4.29974
1645 0.987893 4.88047
1646 0.926797 4.83363
1647 1.0657 4.94012
1648 0.87707 4.01363
1649 0.914999 4.82458
1650 0.968694 4.86575
1651 1.02305 4.90742
1652 0.939441 4.5686
1653 0.945077 4.84764
1654 0.947657 4.84962
1655 1.08182 4.95247
1656 0.87238 3.81684
1657 1.03856 4.91932
1658 1.00997 4.43365
1659 0.946891 4.26841
1660 0.980389 4.87472
1661 1.0105 4.8978
1662 1.00713 4.76933
1663 1.05318 4.71814
1664 0.902077 3.96922
1665 0.96895 4.86594
1666 0.861259 4.78338
1667 1.0211 4.90593
1668 0.876094 4.54483
1669 0.920601 4.82888
1670 1.07035 4.94368
1671 0.897153 3.97146
1672 1.02154 4.90626
1673 0.984691 4.62019
1674 1.02176 4.83173
1675 0.953876 4.5201
1676 0.835521 4.76365
1677 1.06709 4.94118
1678 0.926771 4.03087
1679 1.15545 5.00893
1680 0.694139 3.05662
1681 0.927763 4.83437
1682 1.04785 4.92643
1683 0.94944 4.27849
1684 1.06367 4.93857
1685 0.952686 4.08993
1686 0.918436 4.63273
1687 0.878243 4.79641
1688 0.993266 4.88459
1689 0.958967 4.85829
1690 0.952919 4.85366
1691 1.00489 4.8935
1692 1.05077 4.8699
1693 0.853169 4.11716
1694 0.925669 4.83276
1695 0.889223 4.80482
1696 1.08785 4.9571
1697 0.956286 3.79919
1698 0.858211 4.25796
1699 0.982513 4.87634
1700 1.04695 4.92575
1701 0.987879 4.31656
1702 0.933633 4.42341
1703 1.01089 4.8981
1704 1.02098 4.77516
1705 1.00558 4.51129
1706 1.09475 4.50838
1707 0.796156 3.30867
1708 1.00489 4.89349
1709 0.993334 4.82621
1710 0.773537 4.71613
1711 0.953021 4.85373
1712 0.95219 4.8531
1713 1.04252 4.92235
1714 0.97095 4.35789
1715 0.978039 4.71187
1716 0.906891 4.81837
1717 0.869476 4.78969
1718 1.06388 4.93872
1719 0.971483 4.10035
1720 0.97015 4.44343
1721 1.02821 4.8452
1722 1.08503 4.54661
1723 0.811106 3.4267
1724 0.947926 4.84983
1725 0.940873 4.84442
1726 1.04995 4.92804
1727 0.922894 4.23437
1728 1.03231 4.91452
1729 1.03099 4.52447
1730 1.01498 4.13733
1731 0.908001 3.8832
1732 0.995641 4.88641
1733 0.907634 4.81894
1734 1.03443 4.91614
1735 0.941373 4.43382
1736 0.999849 4.88963
1737 0.970594 4.86721
1738 1.0572 4.9336
1739 0.907736 4.13679
1740 0.994533 4.88556
1741 0.866926 4.78773
1742 0.96321 4.86154
1743 1.05814 4.93432
1744 0.88037 4.10645
1745 0.990494 4.88246
1746 1.01635 4.90228
1747 1.02428 4.71202
1748 0.894979 4.32611
1749 1.1312 4.99033
1750 0.789421 3.31247
1751 1.03144 4.91385
1752 0.975529 4.49453
1753 0.890766 4.72348
1754 1.00894 4.8966
1755 1.01497 4.79406
1756 1.03506 4.62894
1757 0.929646 4.1308
1758 0.921893 4.82987
1759 0.938143 4.84233
1760 0.967469 4.86481
1761 0.954651 4.85498
1762 0.973224 4.86922
1763 0.98178 4.87578
1764 1.08463 4.95463
1765 0.865804 3.77878
1766 0.938964 4.84296
1767 1.10694 4.97173
1768 0.80707 3.51948
1769 1.05209 4.92968
1770 1.00563 4.26695
1771 0.85342 4.0927
1772 1.1627 5.01448
1773 0.747893 3.03141
1774 1.03881 4.9195
1775 0.910166 4.35878
1776 1.03347 4.91541
1777 1.07036 4.53899
1778 0.858931 3.57774
1779 1.00732 4.89536
1780 0.882083 4.71272
1781 1.1421 4.99869
1782 0.861669 3.26969
1783 0.907864 4.77443
1784 0.963786 4.86199
1785 0.978331 4.87314
1786 0.99314 4.88449
1787 1.02412 4.90824
1788 0.807336 4.45824
1789 0.958661 4.85806
1790 0.979833 4.87429
1791 0.967629 4.86493
1792 1.01974 4.90488
1793 0.96127 4.62431
1794 1.11295 4.97634
1795 0.994153 3.59053
1796 0.766801 3.49231
1797 1.0634 4.93836
1798 0.87059 4.03668
1799 0.96645 4.86403
1800 0.937699 4.84199
1801 0.892974 4.8077
1802 0.924733 4.83205
1803 0.913711 4.8236
1804 0.977657 4.87262
1805 0.992854 4.88427
1806 0.995323 4.88617
1807 0.924209 4.83165
1808 0.899221 4.81249
1809 1.06185 4.93716
1810 0.877936 4.06035
1811 1.02592 4.90962
1812 1.05846 4.6219
1813 0.898387 3.80322
1814 1.00813 4.89598
1815 0.904381 4.72
1816 0.96599 4.86368
1817 1.04153 4.92159
1818 1.02266 4.40688
1819 0.952861 4.08376
1820 0.971766 4.66428
1821 1.01833 4.90381
1822 0.918114 4.609
1823 1.0516 4.92931
1824 0.945723 4.23064
1825 1.08505 4.95495
1826 0.869043 3.77579
1827 0.966761 4.86427
1828 1.01086 4.89807
1829 1.08398 4.82308
1830 0.881081 3.66566
1831 0.977421 4.87244
1832 0.86513 4.78635
1833 1.03733 4.91836
1834 0.989847 4.43406
1835 0.938183 4.51832
1836 0.94746 4.84947
1837 0.99665 4.88718
1838 1.00827 4.89608
1839 1.03213 4.81513
1840 0.900557 4.3329
1841 1.04381 4.92334
1842 0.915664 4.30289
1843 1.01413 4.90058
1844 1.01457 4.73144
1845 0.958021 4.51462
1846 1.03593 4.9173
1847 1.00934 4.46498
1848 0.937434 4.30092
1849 1.06903 4.94267
1850 0.892244 3.98405
1851 0.987507 4.88017
1852 0.967094 4.86452
1853 1.08233 4.95287
1854 0.870184 3.80932
1855 1.23848 5.07258
1856 0.595471 2.32314
1857 1.05201 4.92963
1858 0.94736 4.22685
1859 0.936776 4.84128
1860 1.1436 4.99984
1861 0.804247 3.22147
1862 0.993484 4.88475
1863 1.00278 4.89188
1864 1.20409 5.01226
1865 0.690359 2.63718
1866 0.873009 4.79239
1867 1.02451 4.90854
1868 1.12135 4.68531
1869 0.769709 3.18149
1870 1.12158 4.98296
1871 0.860604 3.43539
1872 1.04745 4.92612
1873 0.986899 4.30989
1874 1.00984 4.48451
1875 0.899529 4.28696
1876 1.04115 4.9213
1877 0.96636 4.3711
1878 1.05751 4.84342
1879 0.879244 4.02316
1880 0.999164 4.88911
1881 1.06516 4.9397
1882 0.996226 4.10181
1883 0.90625 4.08543
1884 1.00926 4.89685
1885 1.03352 4.80421
1886 1.03709 4.40213
1887 1.02509 3.9421
1888 0.845724 3.5602
1889 1.10671 4.97155
1890 0.980547 3.63252
1891 0.882 3.75774
1892 1.03606 4.91739
1893 1.05008 4.49296
1894 0.942351 3.81091
1895 0.888374 4.46608
1896 1.14708 5.00251
1897 0.676257 3.11297
1898 1.04769 4.92631
1899 0.887571 4.23652
1900 1.04662 4.92549
1901 1.05736 4.36991
1902 0.886067 3.59402
1903 1.08133 4.9521
1904 0.945029 3.87103
1905 0.990541 4.56661
1906 1.05458 4.72801
1907 0.864551 3.9358
1908 1.03847 4.91924
1909 0.941009 4.3851
1910 1.06188 4.93718
1911 0.920437 4.08936
1912 1.05935 4.93525
1913 0.973357 4.15648
1914 0.915661 4.43571
1915 1.02745 4.91079
1916 0.974657 4.54186
1917 1.04511 4.89907
1918 1.01186 4.33035
1919 0.982594 4.16623
1920 0.933067 4.34103
1921 1.0089 4.89657
1922 0.989683 4.77541
1923 0.976099 4.87143
1924 1.07664 4.94851
1925 0.896861 3.89551
1926 1.0271 4.91052
1927 1.02384 4.5822
1928 0.947451 4.23989
1929 1.07598 4.948
1930 0.979217 3.95878
1931 0.930799 4.1769
1932 1.00777 4.89571
1933 0.982139 4.78314
1934 0.88676 4.80294
1935 0.88385 4.8007
1936 1.05446 4.9315
1937 0.953717 4.20181
1938 0.91611 4.7283
1939 1.04889 4.92722
1940 0.934606 4.25549
1941 0.986283 4.87923
1942 1.123 4.98405
1943 0.766221 3.36393
1944 0.948914 4.85059
1945 1.08311 4.95346
1946 0.876804 3.80432
1947 1.01535 4.90152
1948 1.02371 4.7236
1949 0.876777 4.33183
1950 1.00541 4.89389
1951 1.06059 4.87111
1952 0.851876 3.99282
1953 1.00806 4.89593
1954 0.947501 4.75345
1955 1.0586 4.93468
1956 1.02568 4.20188
1957 0.971417 3.85263
1958 1.05352 4.25665
1959 0.870043 3.54138
1960 0.943691 4.84658
1961 0.9629 4.86131
1962 0.948473 4.85025
1963 0.945593 4.84804
1964 0.917746 4.82669
1965 1.13344 4.99205
1966 0.905631 3.36775
1967 1.02449 4.43796
1968 0.864899 4.03086
1969 1.11298 4.97636
1970 0.84157 3.49281
1971 1.01496 4.90122
1972 1.08735 4.77595
1973 0.821276 3.56588
1974 1.04257 4.92238
1975 0.993033 4.37317
1976 0.933804 4.41431
1977 0.979924 4.87436
1978 0.946716 4.8489
1979 1.03258 4.91473
1980 1.09787 4.56986
1981 0.817251 3.33609
1982 1.15157 5.00595
1983 0.862227 3.19301
1984 0.985854 4.71381
1985 0.976117 4.87144
1986 1.00253 4.89169
1987 0.994433 4.85522
1988 1.02475 4.90873
1989 1.05907 4.63643
1990 0.796757 3.74277
1991 1.08823 4.95739
1992 0.940174 3.78401
1993 0.980716 4.53473
1994 1.01804 4.79414
1995 0.956729 4.53207
1996 1.02988 4.91266
1997 0.996554 4.52858
1998 1.01026 4.58012
1999 0.97756 4.43271
