0 0.494491 1.13506
1 0.940407 2.11703
2 1.01126 2.16057
3 1.00327 2.13871
4 1.00403 2.1324
5 0.998284 2.12451
6 0.972569 2.12722
7 1.00335 2.16026
8 1.00951 2.15392
9 0.972139 2.1348
10 1.01931 2.16052
11 1.01614 2.1233
12 1.0039 2.09196
13 0.971893 2.08375
14 1.00551 2.1385
15 1.014 2.12806
16 0.978184 2.10034
17 1.0096 2.14295
18 0.957033 2.12331
19 1.00931 2.16006
20 0.940717 2.14064
21 1.03425 2.16055
22 1.07411 2.09552
23 0.895174 1.94911
24 1.04315 2.15387
25 0.964027 2.06915
26 1.01189 2.13934
27 1.01281 2.11647
28 1.03428 2.09228
29 1.0013 2.02563
30 1.01384 2.02338
31 0.964284 1.99566
32 0.962179 2.06426
33 1.00178 2.13781
34 1.07355 2.13591
35 0.926013 1.99128
36 1.03977 2.13597
37 0.99415 2.05849
38 0.985016 2.06951
39 1.02102 2.09908
40 0.879301 2.05762
41 0.971117 2.1608
42 0.94483 2.16021
43 0.993739 2.16124
44 0.906757 2.15933
45 0.951823 2.16027
46 0.93846 2.15996
47 1.01697 2.16163
48 0.921143 2.12687
49 0.938789 2.15988
50 0.948633 2.16007
51 0.899541 2.15898
52 0.978359 2.16066
53 0.958483 2.1602
54 1.02515 2.16162
55 0.943797 2.11143
56 0.926984 2.15944
57 0.981913 2.1606
58 0.961021 2.16012
59 0.965256 2.16019
60 0.917133 2.15912
61 0.945434 2.15971
62 0.95713 2.15993
63 0.986386 2.16054
64 0.965309 2.16005
65 0.940203 2.15948
66 0.935417 2.15936
67 0.928657 2.15918
68 1.00539 2.16081
69 0.929393 2.14878
70 0.959809 2.15977
71 0.949069 2.15951
72 0.995939 2.1605
73 0.995741 2.16047
74 1.02617 2.1611
75 0.987854 2.1099
76 0.996181 2.13342
77 1.04254 2.14174
78 0.97719 2.05849
79 0.920996 2.10111
80 1.01276 2.16065
81 0.931283 2.13432
82 0.991839 2.16014
83 1.0137 2.16059
84 1.03228 2.13463
85 0.94461 2.07061
86 0.97609 2.1597
87 1.08938 2.16212
88 0.926073 1.98665
89 0.927733 2.12884
90 0.993124 2.15995
91 1.02856 2.1607
92 1.02464 2.10565
93 0.94398 2.05648
94 0.987906 2.15973
95 1.09733 2.16208
96 0.926257 1.97117
97 1.00069 2.11457
98 0.987607 2.11294
99 0.984534 2.13667
100 0.999343 2.15982
101 0.980989 2.15939
102 1.00423 2.15987
103 1.02023 2.15205
104 1.07668 2.11434
105 0.94203 1.96395
106 0.955694 2.07568
107 1.00411 2.15973
108 1.00948 2.15192
109 1.0222 2.13393
110 1.03091 2.0914
111 0.971957 2.03068
112 1.03597 2.08596
113 0.921641 2.01429
114 1.02536 2.16
115 0.985944 2.11037
116 1.08159 2.13943
117 1.00137 1.98081
118 0.995229 1.97803
119 0.971519 1.98666
120 0.929301 2.04251
121 1.00263 2.16148
122 0.928816 2.15481
123 0.953736 2.16037
124 0.992446 2.16118
125 0.983117 2.16096
126 0.957694 2.16038
127 1.0155 2.1616
128 0.919151 2.12967
129 0.952509 2.16018
130 0.958107 2.16028
131 0.741737 2.26815
132 0.720224 2.26746
133 0.758444 2.2686
134 0.760574 2.26863
135 0.76354 2.26869
136 0.762124 2.26862
137 0.741264 2.26796
138 0.752513 2.26827
139 0.759543 2.26846
140 0.738101 2.26778
141 0.764479 2.26855
142 0.776319 2.26888
143 0.779109 2.26894
144 0.757166 2.26824
145 0.762256 2.26837
146 0.77277 2.26866
147 0.755669 2.26811
148 0.763671 2.26833
149 0.730616 2.2673
150 0.756983 2.26807
151 0.711821 2.26667
152 0.77569 2.26858
153 0.832621 2.27028
154 0.748256 2.26769
155 0.784991 2.26878
156 0.756504 2.26788
157 0.766701 2.26816
158 0.776239 2.26843
159 0.802659 2.2692
160 0.804106 2.26921
161 0.815253 2.26953
162 0.786469 2.26862
163 0.75688 2.26769
164 0.759471 2.26774
165 0.815269 2.26941
166 0.756653 2.26761
167 0.789286 2.26856
168 0.784599 2.26839
169 0.77288 2.26801
170 0.789399 2.26849
171 0.694089 2.26783
172 0.728337 2.26884
173 0.708621 2.26822
174 0.745303 2.2693
175 0.680069 2.26729
176 0.713867 2.26829
177 0.703844 2.26796
178 0.76273 2.26972
179 0.702157 2.26785
180 0.704091 2.26788
181 0.711474 2.26807
182 0.674656 2.26693
183 0.73377 2.2687
184 0.718861 2.26822
185 0.768866 2.2697
186 0.725141 2.26835
187 0.695239 2.26741
188 0.736436 2.26863
189 0.720766 2.26813
190 0.723941 2.2682
191 0.68785 2.26708
192 0.709076 2.26769
193 0.717847 2.26793
194 0.73979 2.26857
195 0.723981 2.26806
196 0.705153 2.26746
197 0.701563 2.26732
198 0.696493 2.26714
199 0.75404 2.26885
200 0.700623 2.26721
201 0.719856 2.26777
202 0.711801 2.26749
203 0.746954 2.26853
204 0.746806 2.2685
205 0.769627 2.26916
206 0.759741 2.26883
207 0.757206 2.26873
208 0.789543 2.26968
209 0.771471 2.2691
210 0.710923 2.26724
211 0.759567 2.26868
212 0.707014 2.26706
213 0.743879 2.26815
214 0.760271 2.26862
215 0.784396 2.26932
216 0.740749 2.26797
217 0.732067 2.26768
218 0.817037 2.27023
219 0.758866 2.26844
220 0.706147 2.26681
221 0.744844 2.26795
222 0.771423 2.26873
223 0.789876 2.26926
224 0.7456 2.26789
225 0.74093 2.26772
226 0.822997 2.27019
227 0.765316 2.2684
228 0.767686 2.26845
229 0.758156 2.26813
230 0.746816 2.26776
231 0.749507 2.26781
232 0.735741 2.26736
233 0.753176 2.26786
234 0.768259 2.26829
235 0.82669 2.27004
236 0.781467 2.26864
237 0.747367 2.26758
238 0.753083 2.26772
239 0.760076 2.26791
240 0.776664 2.26838
241 0.800344 2.26907
242 0.778184 2.26837
243 0.806541 2.2692
244 0.743867 2.26727
245 0.769021 2.26801
246 0.757677 2.26763
247 0.819983 2.2695
248 0.823563 2.26958
249 0.81968 2.26943
250 0.796197 2.26869
251 0.73977 2.26922
252 0.75197 2.26956
253 0.69835 2.2679
254 0.715301 2.26839
255 0.744334 2.26925
256 0.737339 2.269
257 0.71827 2.2684
258 0.761621 2.26968
259 0.699643 2.26777
260 0.714381 2.26819
261 0.718581 2.26829
