0 0.67797 2.79749
1 0.622769 1.06624
2 0.676843 1.19511
3 0.698556 1.32425
4 0.712086 1.35015
5 0.726117 1.59447
6 0.773134 1.56638
7 0.787147 1.70231
8 0.850173 1.91435
9 0.87192 1.96403
10 0.933356 2.35385
11 0.904686 2.45264
12 0.924851 2.33212
13 0.961111 2.79494
14 1.01628 2.93662
15 0.97924 3.15734
16 1.01508 3.09525
17 0.940939 3.21843
18 1.02587 3.4702
19 1.05467 4.41578
20 0.960149 3.23327
21 1.00939 3.9571
22 0.962726 3.03884
23 0.944731 2.17014
24 0.951093 2.14316
25 0.958973 2.82575
26 0.960824 2.44498
27 0.962094 2.42553
28 0.965229 2.14971
29 0.974146 2.29667
30 0.971967 2.49063
31 0.982627 2.22479
32 0.985409 2.11635
33 0.987551 2.3271
34 0.988189 2.2023
35 0.990064 2.12373
36 0.990626 2.1975
37 1.00154 2.1226
38 0.994013 2.18034
39 1.00008 2.17491
40 0.996139 2.20166
41 0.993006 2.19617
42 0.995429 2.17259
43 0.995361 2.11603
44 0.995923 2.2162
45 1.00527 2.16371
46 0.999479 2.21977
47 1.0029 2.2878
48 0.995686 2.29496
49 1.00276 2.23552
50 0.999824 2.23968
51 0.996569 2.17508
52 1.00343 2.0314
53 1.00338 2.32376
54 1.0044 2.12585
55 1.00404 2.13878
56 1.00364 2.09085
57 1.00328 2.16269
58 1.00295 2.16209
59 1.00266 2.22494
60 1.00239 2.17209
61 1.00215 2.07469
62 1.00194 2.25222
63 1.00174 2.1691
64 1.00157 2.0881
65 1.00141 2.09718
66 1.00127 2.16077
67 1.00114 2.16587
68 1.00103 2.09349
69 1.00093 2.17247
70 1.00083 2.1132
71 1.00075 2.08656
72 1.00068 2.20777
73 1.00061 2.10498
74 1.00055 2.17311
75 1.00049 2.02845
76 1.00044 2.11835
77 1.0004 2.25298
78 1.00036 2.20258
79 1.00032 2.08262
80 1.00029 2.24855
81 1.00026 2.14823
82 1.00024 2.06517
83 1.00021 2.07073
84 1.00019 2.05362
85 1.00017 2.32338
86 1.00015 2.18716
87 1.00014 2.13787
88 1.00013 2.0853
89 1.00011 2.25647
90 1.0001 1.98241
91 1.00009 2.12869
92 1.00008 2.17127
93 1.00007 2.20188
94 1.00007 2.11947
95 1.00006 2.07644
96 1.00005 2.10172
97 1.00005 2.159
98 1.00004 2.09271
99 1.00004 2.3112
100 1.00004 2.09444
101 1.00003 2.09988
102 1.00003 2.12672
103 1.00003 2.21249
104 1.00002 2.13679
105 1.00002 2.1697
106 1.00002 1.98557
107 1.00002 2.24269
108 1.00002 2.24544
109 1.00001 2.18086
110 1.00001 2.15618
111 1.00001 2.19015
112 1.00001 2.0797
113 1.00001 2.03007
114 1.00001 2.20751
115 1.00001 2.22486
116 1.00001 1.97393
117 1.00001 2.19988
118 1.00001 2.09068
119 1 2.07726
120 1 2.08448
121 1 2.29527
122 1 2.11021
123 1 2.08819
124 1 2.25276
125 1 2.18635
126 1 2.07478
127 1 2.18561
128 1 2.1705
129 1 2.05935
130 1 2.20397
131 0.750001 2.24399
132 0.774373 2.37834
133 0.796017 2.5215
134 0.832194 2.90944
135 0.854353 3.08645
136 0.990519 3.8237
137 1.00615 3.91075
138 1.01404 4.32101
139 1.07143 5.23926
140 1.07143 5.04909
141 1.12303 4.0223
142 1.05882 3.36169
143 1.18693 5.43795
144 1.02959 4.19681
145 1.05456 4.60491
146 1.01975 3.32399
147 1.01875 3.21498
148 0.978826 2.98689
149 0.934651 2.93039
150 1.02113 3.41509
151 1.01536 3.20256
152 0.992569 2.99696
153 1.01257 3.30663
154 0.958354 3.01413
155 1.01155 3.1461
156 1.01465 3.16705
157 1.01599 2.9421
158 1.01948 2.88266
159 1.01806 2.81537
160 1.01628 2.92988
161 1.01465 2.96251
162 1.01319 2.93344
163 1.01187 2.6853
164 1.01068 3.04047
165 1.00961 2.79381
166 1.00865 2.75111
167 1.00779 2.78135
168 1.00701 2.73558
169 1.00631 2.78981
170 1.00568 2.79724
171 1.00511 2.84678
172 1.0046 2.75684
173 1.00414 2.75609
174 1.00372 2.68469
175 1.00335 2.80802
176 1.00302 2.74525
177 1.00271 2.83403
178 1.00244 2.90303
179 1.0022 2.87147
180 1.00198 2.83007
181 1.00178 2.84299
182 1.0016 2.7201
183 1.00144 2.6195
184 1.0013 2.9157
185 1.00117 2.73535
186 1.00105 2.75258
187 1.00095 2.69171
188 1.00085 2.78497
189 1.00077 2.7849
190 1.00069 2.8665
191 1.00062 2.79897
192 1.00056 2.67397
193 1.0005 2.90325
194 1.00045 2.79652
195 1.00041 2.69246
196 1.00037 2.70449
197 1.00033 2.7868
198 1.0003 2.79364
199 1.00027 2.70052
200 1.00024 2.80262
201 1.00022 2.72637
202 1.00019 2.69217
203 1.00018 2.84872
204 1.00016 2.71623
205 1.00014 2.80426
206 1.00013 2.61771
207 1.00012 2.73383
208 1.0001 2.90768
209 1.00009 2.84271
210 1.00008 2.68797
211 1.00008 2.9022
212 1.00007 2.77278
213 1.00006 2.66562
214 1.00006 2.67285
215 1.00005 2.65081
216 1.00004 2.99905
217 1.00004 2.82327
218 1.00004 2.75966
219 1.00003 2.69183
220 1.00003 2.91283
221 1.00003 2.55907
222 1.00002 2.74792
223 1.00002 2.8029
224 1.00002 2.84244
225 1.00002 2.73607
226 1.00002 2.68054
227 1.00001 2.71318
228 1.00001 2.78714
229 1.00001 2.70157
230 1.00001 2.98363
231 1.00001 2.70382
232 1.00001 2.71085
233 1.00001 2.74551
234 1.00001 2.85624
235 1.00001 2.75853
236 1.00001 2.80101
237 1 2.5633
238 1 2.89524
239 1 2.8988
240 1 2.81543
241 1 2.78357
242 1 2.82744
243 1 2.68485
244 1 2.62078
245 1 2.84985
246 1 2.87225
247 1 2.5483
248 1 2.84001
249 1 2.69903
250 1 2.68171
251 1 2.69104
252 1 2.96315
253 1 2.72425
254 1 2.69582
255 1 2.90827
256 1 2.82255
257 1 2.67851
258 1 2.82159
259 1 2.80208
260 1 2.6586
261 1 2.8453
