0 0.672664 2.80478
1 0.891149 1.90444
2 1.08198 2.35393
3 0.976607 2.01614
4 1.01147 2.11259
5 0.994394 2.06526
6 0.974401 2.08774
7 1.02268 2.1935
8 1.00228 2.10022
9 0.971059 2.09019
10 1.04423 2.21016
11 1.0007 2.0282
12 1.00335 2.02536
13 0.970683 2.01095
14 1.01606 2.13186
15 1.0085 2.06594
16 0.975014 2.03043
17 1.01852 2.13358
18 0.950909 2.05635
19 1.04984 2.2593
20 0.925524 2.0527
21 1.10901 2.36133
22 1.03259 1.91357
23 0.889024 1.79345
24 1.08051 2.23531
25 0.935403 1.9028
26 1.03412 2.16917
27 1.00093 2.02881
28 1.0337 2.02567
29 0.988937 1.88892
30 1.01783 1.93264
31 0.958801 1.86418
32 0.975703 2.02733
33 1.01113 2.12745
34 1.06964 2.08315
35 0.904126 1.80867
36 1.07155 2.19047
37 0.967783 1.89641
38 0.99642 2.02789
39 1.02263 2.04306
40 0.87185 1.94925
41 1.07647 2.5076
42 0.953776 2.1625
43 1.06305 2.35407
44 0.895451 2.09233
45 1.06876 2.56607
46 0.97055 2.24036
47 1.0908 2.36352
48 0.893321 1.98752
49 1.02603 2.44258
50 1.00494 2.31998
51 0.94714 2.29845
52 1.09662 2.5584
53 0.9545 2.11945
54 1.08172 2.30842
55 0.917174 1.97034
56 0.979471 2.31065
57 1.06363 2.40349
58 0.96142 2.13381
59 1.01422 2.29282
60 0.94665 2.23314
61 1.04112 2.4764
62 1.0032 2.28437
63 1.02975 2.27182
64 0.970299 2.14876
65 0.981479 2.27052
66 0.999074 2.34666
67 0.992976 2.35029
68 1.08416 2.38371
69 0.904896 2.03268
70 1.04842 2.43999
71 0.977104 2.2252
72 1.05509 2.32056
73 0.983349 2.09351
74 1.03568 2.16276
75 0.975246 2.0154
76 1.00458 2.11732
77 1.0412 2.09933
78 0.962107 1.92901
79 0.933434 2.08348
80 1.08521 2.35911
81 0.905377 2.00652
82 1.07479 2.40468
83 0.99979 2.08961
84 1.0318 2.09112
85 0.933429 1.95887
86 1.00722 2.23283
87 1.11387 2.20555
88 0.889044 1.75659
89 0.959116 2.19023
90 1.06462 2.35976
91 1.01594 2.09427
92 1.01835 2.02907
93 0.937479 1.95225
94 1.01215 2.20963
95 1.10687 2.16193
96 0.892267 1.74378
97 1.03363 2.16382
98 0.976467 2.02496
99 0.992417 2.12156
100 1.00588 2.15285
101 0.979884 2.12823
102 1.02944 2.21156
103 1.01073 2.09066
104 1.07218 2.04802
105 0.919899 1.76939
106 0.979597 2.07843
107 1.0138 2.16261
108 1.00497 2.10592
109 1.02019 2.08586
110 1.0232 2.00328
111 0.963479 1.90707
112 1.0498 2.0583
113 0.905193 1.858
114 1.06114 2.24261
115 0.964944 1.99042
116 1.09427 2.13656
117 0.968804 1.76835
118 1.00479 1.88
119 0.969956 1.86223
120 0.93858 1.98041
121 1.03436 2.23391
122 0.918884 2.09073
123 1.04173 2.4404
124 1.03036 2.25431
125 0.981754 2.12893
126 0.979153 2.20354
127 1.06586 2.29074
128 0.899007 2.01754
129 1.04299 2.45142
130 0.995809 2.25697
131 0.770924 2.36967
132 0.963046 5.05392
133 1.03172 5.77569
134 1.01636 5.0306
135 1.01087 4.64633
136 1.00273 4.39073
137 0.973753 4.32536
138 1.00347 4.94242
139 1.01085 4.86121
140 0.976256 4.60492
141 1.02488 5.16424
142 1.02614 4.58053
143 1.01442 3.96659
144 0.973494 3.70468
145 0.999447 4.24951
146 1.01356 4.26305
147 0.983374 3.94364
148 1.0034 4.3345
149 0.958087 4.25283
150 1.01667 5.2386
151 0.947037 4.84413
152 1.05518 5.77565
153 1.09786 4.48277
154 0.886387 3.04316
155 1.04442 4.84982
156 0.98109 3.80491
157 1.00529 4.24949
158 1.01469 4.12582
159 1.0403 3.78219
160 0.98929 3.34397
161 1.01734 3.45941
162 0.959033 3.27197
163 0.973856 3.71008
164 0.995924 4.25364
165 1.07161 4.35252
166 0.922153 3.26599
167 1.04118 4.49746
168 1.00344 3.66055
169 0.984087 3.62305
170 1.02418 3.82299
171 0.87434 3.53402
172 0.990769 5.77633
173 0.963949 5.77473
174 1.01385 5.7775
175 0.917981 5.44729
176 0.971084 5.77492
177 0.95745 5.77408
178 1.03755 5.77855
179 0.935204 4.89197
180 0.957786 5.77388
181 0.96783 5.77438
182 0.917746 5.77146
183 0.998157 5.77595
184 0.977879 5.77473
185 1.0459 5.77852
186 0.961239 4.69703
187 0.941989 5.60512
188 1.00178 5.7758
189 0.979496 5.73263
190 0.984789 5.77469
191 0.935691 5.77183
192 0.964566 5.77339
193 0.976497 5.774
194 1.00635 5.77563
195 0.981367 5.62529
196 0.959229 5.77281
197 0.954346 5.77245
198 0.947449 5.77199
199 1.02573 5.77636
200 0.939427 5.16809
201 0.979231 5.77358
202 0.968274 5.77288
203 1.01609 5.77553
204 1.0068 5.39745
205 1.03361 5.2393
206 1.00101 4.44905
207 0.99709 4.42506
208 1.04141 4.49532
209 0.986124 3.65725
210 0.922899 3.84406
211 1.03036 5.65768
212 0.942829 4.94101
213 1.01191 5.77457
214 1.02736 5.49602
215 1.04372 4.85486
216 0.961139 3.82524
217 0.9714 4.73724
218 1.10183 5.41487
219 0.943417 3.42712
220 0.928113 4.3447
221 1.01322 5.77407
222 1.04166 5.46544
223 1.04168 4.48783
224 0.952379 3.64938
225 0.980461 4.62432
226 1.10123 5.08862
227 0.934761 3.28466
228 1.00631 4.23941
229 0.9902 4.09055
230 0.980926 4.32001
231 0.995279 4.76802
232 0.979627 4.87792
233 1.01445 5.35741
234 1.02637 5.01906
235 1.08794 4.40318
236 0.934146 3.11484
237 0.971061 3.87994
238 0.994976 4.5597
239 1.0071 4.67804
240 1.02491 4.51218
241 1.04108 3.92829
242 0.964367 3.40127
243 1.04582 3.80065
244 0.909406 3.29041
245 1.02322 4.85024
246 0.994814 4.30428
247 1.07984 4.42967
248 0.997 3.21566
249 0.996336 3.24765
250 0.972581 3.28591
251 0.936951 3.58098
252 1.00011 4.83618
253 0.928739 4.83009
254 0.973036 5.77518
255 1.01253 5.77735
256 0.996023 5.48238
257 0.972427 5.57434
258 1.03605 5.77846
259 0.932653 4.9272
260 0.971783 5.77467
261 0.977496 5.77492
