0 0.42262 0.890455
1 0.855817 1.6711
2 0.856211 1.67109
3 0.879164 1.67152
4 0.844014 1.67081
5 0.892473 1.67174
6 0.823716 1.67036
7 0.843763 1.67074
8 0.842817 1.6707
9 0.813591 1.6701
10 0.911766 1.67202
11 0.895437 1.67168
12 0.845044 1.67066
13 0.907983 1.67188
14 0.888193 1.67147
15 0.915121 1.67198
16 0.811954 1.66992
17 0.864821 1.67094
18 0.854653 1.67072
19 0.880121 1.6712
20 0.843733 1.67047
21 0.843407 1.67044
22 0.881687 1.67118
23 0.852241 1.67057
24 0.843621 1.67038
25 0.918249 1.67183
26 0.847693 1.67042
27 0.867307 1.67078
28 0.851819 1.67046
29 0.890279 1.6712
30 0.904606 1.67146
31 0.900423 1.67135
32 0.83085 1.66996
33 0.940147 1.67209
34 0.870127 1.67069
35 0.860531 1.67048
36 0.872561 1.6707
37 0.861596 1.67047
38 0.880526 1.67082
39 0.885247 1.67089
40 0.817809 1.67121
41 0.792834 1.6707
42 0.794696 1.67071
43 0.77503 1.6703
44 0.81435 1.67105
45 0.797106 1.6707
46 0.825846 1.67124
47 0.848533 1.67167
48 0.840564 1.67149
49 0.82953 1.67125
50 0.83499 1.67134
51 0.798981 1.67061
52 0.769703 1.67001
53 0.861499 1.6718
54 0.807794 1.67072
55 0.814381 1.67083
56 0.797079 1.67047
57 0.826854 1.67103
58 0.82809 1.67103
59 0.854277 1.67153
60 0.83485 1.67113
61 0.797816 1.67038
62 0.869146 1.67176
63 0.837669 1.67112
64 0.806989 1.67049
65 0.811821 1.67057
66 0.838157 1.67107
67 0.841387 1.67111
68 0.814009 1.67055
69 0.846387 1.67116
70 0.824154 1.67071
71 0.814791 1.6705
72 0.863833 1.67144
73 0.824361 1.67065
74 0.852416 1.67118
75 0.796377 1.67005
76 0.833027 1.67076
77 0.887356 1.67181
78 0.868544 1.67142
79 0.822227 1.67048
80 0.888924 1.67177
81 0.850361 1.67099
82 0.818614 1.67034
83 0.821899 1.67039
84 0.816219 1.67026
85 0.923964 1.67236
86 0.871187 1.6713
87 0.852773 1.67092
88 0.833061 1.6705
89 0.901826 1.67184
90 0.794524 1.66971
91 0.85344 1.67084
92 0.871349 1.67118
93 0.884526 1.67142
94 0.853006 1.67077
95 0.837054 1.67044
96 0.848119 1.67064
97 0.871837 1.67108
98 0.846686 1.67056
99 0.934159 1.67227
100 0.8495 1.67058
101 0.852714 1.67062
102 0.864393 1.67083
103 0.899377 1.6715
104 0.870503 1.67091
105 0.884579 1.67116
106 0.812817 1.66973
107 0.915569 1.67174
108 0.917717 1.67176
109 0.893239 1.67125
110 0.884539 1.67106
111 0.899037 1.67133
112 0.856416 1.67047
113 0.837846 1.67008
114 0.909083 1.67146
115 0.917006 1.6716
116 0.818823 1.66964
117 0.90925 1.6714
118 0.867119 1.67055
119 0.862871 1.67044
120 0.782039 1.6705
121 0.866463 1.67215
122 0.794333 1.6707
123 0.786683 1.67053
124 0.852829 1.67181
125 0.827624 1.6713
126 0.784557 1.67043
127 0.829451 1.67129
128 0.824534 1.67118
129 0.781637 1.67031
130 0.839891 1.67143
131 0.633931 1.75446
132 0.641864 1.75465
133 0.64216 1.75464
134 0.659374 1.75509
135 0.633011 1.75435
136 0.669354 1.75533
137 0.617787 1.75388
138 0.632823 1.75427
139 0.632113 1.75423
140 0.610194 1.7536
141 0.683824 1.75562
142 0.671579 1.75526
143 0.633783 1.75419
144 0.680989 1.75547
145 0.666146 1.75504
146 0.686341 1.75558
147 0.608967 1.75342
148 0.648617 1.75449
149 0.64099 1.75426
150 0.660091 1.75476
151 0.632801 1.75399
152 0.632556 1.75396
153 0.661266 1.75473
154 0.639181 1.7541
155 0.632717 1.7539
156 0.688687 1.75542
157 0.63577 1.75394
158 0.650481 1.75432
159 0.638864 1.75398
160 0.66771 1.75475
161 0.678456 1.75503
162 0.675317 1.75492
163 0.623139 1.75346
164 0.705111 1.7557
165 0.652596 1.75423
166 0.645399 1.75401
167 0.654421 1.75424
168 0.646197 1.75398
169 0.660396 1.75436
170 0.663936 1.75443
171 0.613357 1.75477
172 0.594627 1.75423
173 0.596023 1.75425
174 0.581273 1.75382
175 0.610763 1.75461
176 0.59783 1.75423
177 0.619384 1.7548
178 0.6364 1.75525
179 0.630424 1.75506
180 0.622149 1.75481
181 0.626243 1.7549
182 0.599237 1.75414
183 0.577277 1.75351
184 0.646124 1.75539
185 0.605846 1.75425
186 0.610786 1.75437
187 0.597809 1.75399
188 0.620141 1.75458
189 0.621067 1.75459
190 0.640709 1.7551
191 0.626139 1.75468
192 0.598363 1.75389
193 0.65186 1.75535
194 0.628251 1.75468
195 0.605241 1.75402
196 0.608866 1.75409
197 0.628619 1.75462
198 0.631041 1.75466
199 0.610507 1.75408
200 0.634791 1.75473
201 0.618116 1.75424
202 0.611094 1.75403
203 0.647876 1.75502
204 0.618271 1.75418
205 0.639313 1.75474
206 0.597283 1.75355
207 0.624771 1.75429
208 0.665519 1.7554
209 0.651409 1.75498
210 0.616671 1.75401
211 0.666694 1.75536
212 0.637771 1.75454
213 0.613961 1.75386
214 0.616424 1.75391
215 0.612164 1.75377
216 0.692973 1.75598
217 0.653391 1.75486
218 0.63958 1.75446
219 0.624797 1.75403
220 0.67637 1.75544
221 0.595894 1.75319
222 0.64008 1.75438
223 0.653513 1.75474
224 0.663396 1.75498
225 0.639756 1.75431
226 0.627791 1.75396
227 0.63609 1.75416
228 0.653879 1.75464
229 0.635014 1.75409
230 0.70062 1.75588
231 0.637126 1.75411
232 0.639536 1.75415
233 0.648296 1.75437
234 0.674534 1.75508
235 0.652877 1.75446
236 0.663434 1.75473
237 0.609613 1.75322
238 0.686677 1.75533
239 0.688289 1.75535
240 0.66993 1.75481
241 0.663406 1.75462
242 0.674279 1.75489
243 0.642313 1.75399
244 0.628386 1.75358
245 0.681813 1.75503
246 0.687754 1.75518
247 0.614117 1.75312
248 0.681939 1.75497
249 0.65034 1.75408
250 0.647154 1.75397
251 0.586529 1.75403
252 0.649847 1.75575
253 0.59575 1.75424
254 0.590013 1.75406
255 0.639621 1.75541
256 0.620719 1.75486
257 0.588419 1.75395
258 0.62209 1.75486
259 0.618401 1.75473
260 0.586229 1.75382
261 0.62992 1.75501
