0 0.567266 1.38792
1 0.967707 2.35444
2 1.05182 2.42781
3 1.00205 2.31199
4 1.00386 2.30746
5 0.998063 2.29875
6 0.972666 2.30241
7 1.01494 2.36383
8 1.00924 2.33062
9 0.971627 2.30926
10 1.03536 2.37348
11 1.01467 2.29476
12 1.00303 2.262
13 0.971713 2.25454
14 1.00709 2.3179
15 1.01365 2.30235
16 0.977419 2.27128
17 1.01084 2.32197
18 0.956491 2.29671
19 1.03507 2.39473
20 0.939926 2.31492
21 1.08659 2.45117
22 1.0699 2.25928
23 0.89153 2.1005
24 1.0492 2.34402
25 0.961337 2.23315
26 1.01395 2.31984
27 1.01208 2.28893
28 1.03356 2.2627
29 0.999327 2.18767
30 1.01391 2.18948
31 0.963479 2.1575
32 0.964206 2.23824
33 1.00387 2.31828
34 1.0734 2.31133
35 0.921936 2.14546
36 1.04411 2.32089
37 0.991617 2.2221
38 0.985471 2.24046
39 1.02188 2.27341
40 0.878187 2.22386
41 1.0402 2.49721
42 0.973937 2.40667
43 1.05034 2.46611
44 0.912611 2.35146
45 1.04142 2.54783
46 0.987801 2.4549
47 1.08289 2.48409
48 0.919039 2.29679
49 0.997821 2.47777
50 1.01036 2.48285
51 0.948724 2.45846
52 1.08218 2.57501
53 0.981173 2.39077
54 1.06878 2.43445
55 0.941286 2.27924
56 0.957071 2.40949
57 1.05607 2.50676
58 0.979541 2.38088
59 1.00367 2.42668
60 0.950256 2.41728
61 1.02676 2.5291
62 1.01377 2.46956
63 1.03113 2.43948
64 0.97895 2.36935
65 0.973344 2.41576
66 0.993404 2.47517
67 0.99237 2.48971
68 1.08206 2.50865
69 0.928501 2.32349
70 1.02284 2.48384
71 0.989649 2.43252
72 1.04887 2.45677
73 0.999844 2.3475
74 1.03056 2.34854
75 0.986266 2.27987
76 0.996883 2.31047
77 1.04275 2.31841
78 0.974767 2.22224
79 0.922259 2.27679
80 1.06435 2.45204
81 0.929851 2.30652
82 1.04814 2.46443
83 1.02228 2.35732
84 1.03134 2.30822
85 0.942897 2.2368
86 0.987764 2.36412
87 1.11579 2.39416
88 0.918811 2.13343
89 0.93167 2.31326
90 1.0508 2.46715
91 1.03588 2.35441
92 1.02275 2.27473
93 0.942731 2.22252
94 0.993586 2.35033
95 1.1107 2.36723
96 0.91953 2.11792
97 1.00501 2.29785
98 0.987453 2.28632
99 0.985216 2.31399
100 1.00359 2.34708
101 0.981624 2.3386
102 1.0234 2.38018
103 1.01985 2.32833
104 1.07547 2.28572
105 0.937749 2.1156
106 0.959063 2.25371
107 1.00764 2.34534
108 1.00923 2.32847
109 1.02167 2.30833
110 1.02962 2.26058
111 0.970279 2.19366
112 1.0377 2.26093
113 0.91955 2.17477
114 1.0334 2.35528
115 0.984306 2.28026
116 1.08246 2.31723
117 0.996346 2.13288
118 0.995654 2.14092
119 0.971759 2.14993
120 0.930834 2.21359
121 1.01576 2.36861
122 0.928609 2.33167
123 1.01946 2.49176
124 1.04146 2.44918
125 0.99078 2.35621
126 0.974017 2.37619
127 1.05927 2.43566
128 0.9176 2.30114
129 1.01567 2.48575
130 1.00658 2.45083
131 0.779261 2.57274
132 0.82622 2.7983
133 0.870066 2.7997
134 0.872509 2.79974
135 0.875911 2.79982
136 0.874287 2.79973
137 0.850357 2.79892
138 0.863263 2.7993
139 0.871327 2.79953
140 0.84673 2.79869
141 0.876989 2.79964
142 0.89057 2.80006
143 0.893771 2.80012
144 0.8686 2.79926
145 0.874439 2.79942
146 0.886501 2.79978
147 0.866881 2.7991
148 0.876061 2.79937
149 0.838141 2.7981
150 0.86839 2.79905
151 0.816583 2.79732
152 0.88985 2.79968
153 0.95516 2.80178
154 0.858379 2.79858
155 0.900521 2.79992
156 0.86784 2.79882
157 0.87954 2.79917
158 0.890479 2.79949
159 0.920787 2.80045
160 0.922449 2.80046
161 0.935236 2.80085
162 0.902216 2.79973
163 0.868271 2.79859
164 0.871244 2.79865
165 0.935253 2.8007
166 0.868011 2.79848
167 0.905447 2.79967
168 0.90007 2.79946
169 0.886626 2.79898
170 0.905576 2.79957
171 0.79624 2.79876
172 0.835529 2.80001
173 0.812911 2.79923
174 0.854991 2.80057
175 0.780156 2.79809
176 0.818929 2.79932
177 0.807431 2.79891
178 0.874983 2.80108
179 0.805496 2.79878
180 0.807714 2.79882
181 0.816184 2.79906
182 0.773947 2.79765
183 0.84176 2.79982
184 0.824659 2.79923
185 0.882021 2.80107
186 0.831863 2.7994
187 0.797559 2.79824
188 0.844817 2.79975
189 0.826843 2.79913
190 0.830486 2.79921
191 0.789081 2.79783
192 0.813431 2.79859
193 0.823494 2.79888
194 0.848666 2.79967
195 0.830531 2.79904
196 0.808931 2.7983
197 0.804813 2.79813
198 0.798997 2.79791
199 0.865014 2.80002
200 0.803736 2.79799
201 0.825799 2.79868
202 0.816559 2.79834
203 0.856884 2.79962
204 0.856716 2.79958
205 0.882896 2.8004
206 0.871556 2.8
207 0.868644 2.79986
208 0.905741 2.80104
209 0.885011 2.80032
210 0.815551 2.79803
211 0.871354 2.79981
212 0.811067 2.79781
213 0.853357 2.79915
214 0.872163 2.79973
215 0.899837 2.8006
216 0.849766 2.79893
217 0.839807 2.79857
218 0.937283 2.80172
219 0.87055 2.79951
220 0.810073 2.7975
221 0.854464 2.79891
222 0.884954 2.79987
223 0.906123 2.80053
224 0.855331 2.79883
225 0.849974 2.79863
226 0.944119 2.80166
227 0.87795 2.79947
228 0.880667 2.79952
229 0.869736 2.79913
230 0.856726 2.79867
231 0.859814 2.79874
232 0.844023 2.79819
233 0.864021 2.7988
234 0.881324 2.79933
235 0.948356 2.80149
236 0.896477 2.79976
237 0.85736 2.79844
238 0.863916 2.79863
239 0.871937 2.79885
240 0.890967 2.79943
241 0.918133 2.80029
242 0.892711 2.79942
243 0.925243 2.80045
244 0.853344 2.79807
245 0.8822 2.79898
246 0.869186 2.79852
247 0.940661 2.80081
248 0.944769 2.80091
249 0.940314 2.80073
250 0.913376 2.79982
251 0.848643 2.80047
252 0.862639 2.80089
253 0.801127 2.79885
254 0.820574 2.79945
255 0.85388 2.8005
256 0.845854 2.8002
257 0.82398 2.79946
258 0.873711 2.80104
259 0.80261 2.79869
260 0.819519 2.7992
261 0.824336 2.79932
