0 0.570211 1.38799
1 1.01135 2.34895
2 1.00035 2.32356
3 1.0268 2.32338
4 0.959057 2.26248
5 1.05724 2.35531
6 0.920157 2.22548
7 1.02204 2.40442
8 0.998976 2.35511
9 0.965319 2.35655
10 1.11911 2.43682
11 0.973223 2.16996
12 0.945151 2.22849
13 1.07431 2.35279
14 0.973017 2.18605
15 1.03165 2.24707
16 0.885024 2.1736
17 1.05997 2.43194
18 0.987031 2.29758
19 1.02991 2.32723
20 0.957553 2.25936
21 0.999424 2.35418
22 1.04538 2.3565
23 0.964834 2.25422
24 0.99008 2.33254
25 1.08841 2.35676
26 0.916351 2.1572
27 1.02316 2.34464
28 0.98161 2.29244
29 1.04525 2.33456
30 1.01377 2.23375
31 0.994451 2.20282
32 0.923053 2.21338
33 1.12984 2.38832
34 0.912387 2.09614
35 0.991284 2.29166
36 1.01412 2.31144
37 0.987021 2.27957
38 1.02219 2.30906
39 1.00449 2.25955
40 0.923634 2.24995
41 0.966869 2.41993
42 1.00021 2.494
43 0.975266 2.49293
44 1.04851 2.54935
45 0.980683 2.44038
46 1.03486 2.48437
47 1.02839 2.40703
48 0.990576 2.3433
49 0.986796 2.36404
50 1.0063 2.39368
51 0.956964 2.37856
52 0.960981 2.47385
53 1.11525 2.56376
54 0.935877 2.30452
55 1.00513 2.44799
56 0.97895 2.43601
57 1.03606 2.48389
58 1.00237 2.40329
59 1.03168 2.39869
60 0.977011 2.32729
61 0.955311 2.37761
62 1.08655 2.47953
63 0.961653 2.28509
64 0.962946 2.36992
65 1.00421 2.45283
66 1.03262 2.44417
67 1.00421 2.3713
68 0.96749 2.36108
69 1.03844 2.43464
70 0.97378 2.34805
71 0.987926 2.40635
72 1.05969 2.43472
73 0.95321 2.30014
74 1.03271 2.40547
75 0.934081 2.33078
76 1.04186 2.47909
77 1.06598 2.38703
78 0.975763 2.23894
79 0.947243 2.29185
80 1.07942 2.41161
81 0.952906 2.23296
82 0.962819 2.33733
83 1.00274 2.42047
84 0.993171 2.41416
85 1.13172 2.43247
86 0.931676 2.13644
87 0.980731 2.28867
88 0.977003 2.33117
89 1.08212 2.38446
90 0.87638 2.19799
91 1.06585 2.4758
92 1.02051 2.32908
93 1.01454 2.28354
94 0.963753 2.25018
95 0.981531 2.33072
96 1.01299 2.37227
97 1.02796 2.34387
98 0.970371 2.28067
99 1.10328 2.34928
100 0.899771 2.11609
101 1.00402 2.34015
102 1.01367 2.33146
103 1.04019 2.30182
104 0.965514 2.21117
105 1.01712 2.28861
106 0.918187 2.24839
107 1.12264 2.43406
108 0.992474 2.15982
109 0.973933 2.17599
110 0.991653 2.23401
111 1.01676 2.25303
112 0.95162 2.21441
113 0.978814 2.32198
114 1.08476 2.37128
115 1.0025 2.18193
116 0.892749 2.17378
117 1.1064 2.41588
118 0.946271 2.17686
119 0.996339 2.29679
120 0.906381 2.30505
121 1.09994 2.51673
122 0.914704 2.2912
123 0.98507 2.48157
124 1.08292 2.51687
125 0.969941 2.3307
126 0.947294 2.39666
127 1.05308 2.51574
128 0.995196 2.39688
129 0.94785 2.40638
130 1.07017 2.5246
131 0.807744 2.64971
132 0.86602 2.7996
133 0.866419 2.79958
134 0.889646 2.8003
135 0.854076 2.79911
136 0.903111 2.80067
137 0.833536 2.79837
138 0.853821 2.79899
139 0.852864 2.79893
140 0.82329 2.79793
141 0.922634 2.80113
142 0.906111 2.80056
143 0.855117 2.79886
144 0.918807 2.8009
145 0.898781 2.80021
146 0.926031 2.80107
147 0.821634 2.79763
148 0.875131 2.79934
149 0.864841 2.79897
150 0.890613 2.79977
151 0.853791 2.79854
152 0.853461 2.79849
153 0.892197 2.79972
154 0.862401 2.79871
155 0.853679 2.79839
156 0.929196 2.80083
157 0.857799 2.79846
158 0.877646 2.79907
159 0.861973 2.79853
160 0.900891 2.79976
161 0.91539 2.8002
162 0.911157 2.80003
163 0.840756 2.79769
164 0.951354 2.80127
165 0.8805 2.79892
166 0.87079 2.79857
167 0.882963 2.79893
168 0.871867 2.79853
169 0.891023 2.79913
170 0.8958 2.79925
171 0.827557 2.79978
172 0.802286 2.79892
173 0.80417 2.79895
174 0.784269 2.79826
175 0.824059 2.79953
176 0.806609 2.79892
177 0.83569 2.79984
178 0.858649 2.80055
179 0.850586 2.80025
180 0.839419 2.79985
181 0.844943 2.8
182 0.808506 2.79877
183 0.778879 2.79777
184 0.871769 2.80077
185 0.817423 2.79896
186 0.82409 2.79914
187 0.80658 2.79854
188 0.836711 2.79948
189 0.837961 2.79949
190 0.864461 2.80032
191 0.844803 2.79964
192 0.807326 2.79838
193 0.879507 2.8007
194 0.847654 2.79963
195 0.816609 2.79858
196 0.821499 2.79871
197 0.848149 2.79954
198 0.851417 2.79962
199 0.823713 2.79868
200 0.856477 2.79971
201 0.833979 2.79894
202 0.824504 2.7986
203 0.87413 2.80018
204 0.834189 2.79885
205 0.862577 2.79974
206 0.80587 2.79785
207 0.842957 2.79902
208 0.897934 2.80078
209 0.878897 2.80013
210 0.83203 2.79856
211 0.899521 2.80073
212 0.860499 2.79942
213 0.828373 2.79834
214 0.831696 2.79841
215 0.825949 2.79819
216 0.934979 2.80171
217 0.881573 2.79993
218 0.862939 2.79929
219 0.842993 2.7986
220 0.912577 2.80084
221 0.803996 2.79726
222 0.863613 2.79918
223 0.881736 2.79973
224 0.89507 2.80013
225 0.863174 2.79905
226 0.847033 2.79849
227 0.858229 2.79882
228 0.88223 2.79957
229 0.856779 2.79871
230 0.945294 2.80156
231 0.859627 2.79873
232 0.862879 2.7988
233 0.874697 2.79915
234 0.910099 2.80027
235 0.88088 2.79928
236 0.895124 2.79971
237 0.822507 2.79731
238 0.926483 2.80067
239 0.928657 2.8007
240 0.903887 2.79986
241 0.895084 2.79954
242 0.909756 2.79998
243 0.866626 2.79854
244 0.847834 2.79789
245 0.91992 2.8002
246 0.927937 2.80044
247 0.828584 2.79716
248 0.920089 2.8001
249 0.877456 2.79868
250 0.873157 2.7985
251 0.791361 2.7986
252 0.876791 2.80135
253 0.803801 2.79893
254 0.796061 2.79865
255 0.862994 2.8008
256 0.83749 2.79993
257 0.79391 2.79847
258 0.83934 2.79992
259 0.834363 2.79973
260 0.790954 2.79827
261 0.849904 2.80016
