0 0.672664 2.80478
1 0.495839 0.747642
2 1.37563 5.50066
3 0.483517 0.675593
4 1.38487 5.5009
5 0.478881 0.665456
6 1.38727 4.66415
7 0.562249 0.856818
8 1.37762 5.50033
9 0.468057 0.673156
10 1.38658 5.50056
11 0.486746 0.663668
12 1.44224 4.45769
13 0.517649 0.741323
14 1.38254 5.50012
15 0.487009 0.668025
16 1.40491 4.53819
17 0.547144 0.786407
18 1.32516 5.49751
19 0.511727 0.730752
20 1.29107 5.496
21 0.545474 0.768284
22 1.51017 5.50474
23 0.416033 0.560461
24 1.33855 3.82092
25 0.547873 0.796895
26 1.39061 5.49962
27 0.484199 0.659115
28 1.4833 4.42585
29 0.522439 0.694986
30 1.49662 4.30141
31 0.499016 0.673909
32 1.39649 4.39294
33 0.545221 0.788167
34 1.4787 5.50264
35 0.43674 0.586229
36 1.37093 3.9188
37 0.554684 0.773377
38 1.40181 5.49925
39 0.486777 0.648571
40 1.26054 4.16239
41 0.763076 1.78686
42 1.23758 3.94769
43 0.779407 1.78122
44 1.15364 3.79117
45 0.8875 2.39123
46 1.10857 3.41704
47 0.957079 2.42858
48 0.969957 2.81806
49 1.03502 3.09213
50 0.972393 2.77298
51 0.977004 3.02328
52 1.11237 3.23546
53 0.851524 2.20965
54 1.24744 3.56644
55 0.647301 1.3069
56 1.26099 5.4978
57 0.535547 0.801279
58 1.30729 5.49954
59 0.499711 0.750376
60 1.24759 5.49698
61 0.536981 0.887948
62 1.302 5.49905
63 0.513777 0.756299
64 1.31312 5.49936
65 0.48346 0.743738
66 1.27246 5.49757
67 0.500124 0.788183
68 1.36764 5.5013
69 0.449871 0.683925
70 1.30564 5.49865
71 0.492269 0.751949
72 1.35479 5.50051
73 0.487186 0.698401
74 1.39591 5.50204
75 0.470704 0.653433
76 1.41249 4.60333
77 0.562751 0.781775
78 1.39926 5.50189
79 0.439283 0.650276
80 1.37767 5.50088
81 0.448319 0.672897
82 1.34921 5.49959
83 0.499354 0.704556
84 1.4227 5.50243
85 0.449127 0.631582
86 1.35749 4.48775
87 0.662777 1.0558
88 1.37034 4.13155
89 0.512709 0.799056
90 1.35096 5.49911
91 0.505601 0.702669
92 1.43264 5.50229
93 0.448406 0.623546
94 1.35939 4.2871
95 0.640613 0.954217
96 1.40413 4.28828
97 0.543456 0.774697
98 1.37511 5.49954
99 0.475083 0.675906
100 1.35942 5.49877
101 0.477249 0.692978
102 1.36607 5.4989
103 0.494263 0.685971
104 1.49941 5.50417
105 0.44016 0.569514
106 1.24492 3.69697
107 0.71045 1.46342
108 1.36613 4.10457
109 0.56475 0.801097
110 1.45163 5.50182
111 0.460697 0.60836
112 1.4083 3.94828
113 0.505549 0.735455
114 1.39481 5.49924
115 0.470077 0.654274
116 1.53261 4.64256
117 0.509599 0.652366
118 1.44387 3.99636
119 0.521833 0.702647
120 1.37023 4.46951
121 0.57956 0.930231
122 1.26663 5.49899
123 0.516957 0.795009
124 1.35004 5.50223
125 0.483806 0.703769
126 1.30277 5.50018
127 0.528473 0.755826
128 1.26898 5.49867
129 0.514956 0.792369
130 1.30333 5.49993
131 1.009 5.77455
132 0.789177 3.21686
133 1.03172 5.77569
134 0.795154 3.00079
135 1.03865 5.77595
136 0.785089 2.93437
137 1.00835 5.77408
138 0.825629 3.22417
139 1.03322 5.77535
140 0.76922 2.98534
141 1.03993 5.77558
142 0.797517 2.92246
143 1.05983 5.77657
144 0.744513 2.73102
145 1.03691 5.77512
146 0.799043 2.95115
147 1.02795 5.77447
148 0.804771 3.03656
149 0.993867 5.77239
150 0.854789 3.36262
151 0.968301 5.77079
152 0.919777 3.60829
153 1.13503 4.38011
154 0.796527 3.082
155 1.06784 5.77616
156 0.730469 2.65394
157 1.04296 5.7746
158 0.792244 2.89291
159 1.09187 5.77723
160 0.733687 2.4252
161 1.109 5.77806
162 0.68779 2.26043
163 1.02959 5.7734
164 0.797577 3.02
165 1.10902 5.77777
166 0.66168 2.25922
167 1.07368 5.77562
168 0.74746 2.59858
169 1.05136 5.77421
170 0.791001 2.81249
171 0.94418 5.77376
172 0.902491 3.83984
173 0.963949 5.77473
174 0.890923 3.65116
175 0.925107 5.77238
176 0.91468 4.0216
177 0.95745 5.77408
178 0.922719 3.71412
179 0.967174 4.52175
180 0.957786 5.77388
181 0.860184 3.70822
182 0.917746 5.77146
183 0.952129 4.09284
184 1.00199 4.75797
185 1.06925 4.7155
186 0.903454 3.8684
187 0.945743 5.77269
188 0.909979 3.8245
189 0.980469 5.77452
190 0.838933 3.49115
191 0.935691 5.77183
192 0.891937 3.91917
193 0.976497 5.774
194 0.863796 3.52976
195 0.984843 5.77433
196 0.810336 3.44813
197 0.954346 5.77245
198 0.84737 3.73962
199 1.02573 5.77636
200 0.741763 3.05626
201 0.979231 5.77358
202 0.826813 3.50192
203 1.01609 5.77553
204 0.806581 3.15035
205 1.04694 5.77713
206 0.76872 2.8553
207 1.03004 5.77603
208 0.828384 3.01833
209 1.04944 5.77699
210 0.715379 2.82927
211 1.03325 5.77592
212 0.73677 2.98409
213 1.01191 5.77457
214 0.82816 3.19059
215 1.06703 5.77755
216 0.716583 2.66181
217 0.995841 5.77337
218 0.919033 3.3469
219 0.989511 4.11987
220 0.937153 4.21732
221 1.01322 5.77407
222 0.838067 3.17817
223 1.07448 5.7774
224 0.708984 2.59034
225 1.0079 5.77348
226 0.90379 3.23126
227 1.00332 4.15036
228 1.00079 4.11864
229 0.987043 4.1105
230 0.993683 4.23392
231 1.00774 4.29452
232 0.976636 4.21958
233 1.03658 4.50518
234 0.997349 4.09476
235 1.07805 4.12333
236 0.884159 3.37302
237 1.03319 4.593
238 0.989723 4.16314
239 1.01619 4.26191
240 1.01055 4.1077
241 1.02268 4.00782
242 0.955321 3.78931
243 1.06984 4.21884
244 0.871786 3.54653
245 1.04611 5.7742
246 0.768013 2.86169
247 1.11543 5.77799
248 0.708509 2.19972
249 1.11502 5.77783
250 0.685691 2.20282
251 1.00632 5.77728
252 0.828414 3.24549
253 0.949976 5.77394
254 0.877169 3.78355
255 1.01253 5.77735
256 0.802169 3.18519
257 0.977074 5.77519
258 0.888317 3.52597
259 0.980206 4.85954
260 0.971783 5.77467
261 0.846526 3.57449
