0 0.676156 2.80492
1 0.51762 0.744161
2 1.36986 5.50043
3 0.496583 0.682055
4 1.38907 4.60584
5 0.577767 0.816222
6 1.31787 5.49804
7 0.507467 0.738716
8 1.34843 5.49915
9 0.471819 0.704952
10 1.45874 5.50348
11 0.464834 0.602866
12 1.27683 3.84339
13 0.718006 1.31938
14 1.35397 3.89243
15 0.579694 0.789168
16 1.29906 5.49659
17 0.531589 0.759435
18 1.36737 5.49922
19 0.498669 0.684657
20 1.38926 4.6138
21 0.546494 0.817625
22 1.41062 5.5007
23 0.460294 0.641273
24 1.38135 4.50732
25 0.602223 0.845944
26 1.35623 5.49822
27 0.498207 0.69669
28 1.36283 5.49836
29 0.507267 0.689628
30 1.48259 4.52801
31 0.519474 0.70081
32 1.35849 4.47895
33 0.669443 1.04337
34 1.36787 4.05763
35 0.547781 0.793287
36 1.39602 5.49915
37 0.470833 0.653004
38 1.44849 4.59699
39 0.533993 0.741554
40 1.30842 5.50083
41 0.482113 0.749056
42 1.27144 5.49919
43 0.49146 0.789398
44 1.30289 5.50032
45 0.487816 0.755123
46 1.32128 5.50093
47 0.508301 0.735394
48 1.34483 5.50175
49 0.483166 0.70939
50 1.33591 5.50125
51 0.47039 0.718894
52 1.23146 5.49688
53 0.611649 1.03589
54 1.2924 5.49921
55 0.5044 0.766678
56 1.27526 5.49838
57 0.522106 0.785565
58 1.32487 5.50025
59 0.509584 0.731395
60 1.33569 5.50056
61 0.469829 0.719037
62 1.39056 5.50264
63 0.460941 0.659203
64 1.29111 5.49847
65 0.503551 0.767971
66 1.34098 5.50036
67 0.492354 0.713553
68 1.30234 5.49865
69 0.5183 0.755931
70 1.31857 5.49917
71 0.489641 0.737847
72 1.38206 5.50161
73 0.458553 0.668332
74 1.36379 5.50073
75 0.453226 0.68811
76 1.33277 5.49933
77 0.524381 0.722854
78 1.38959 5.5015
79 0.453003 0.660006
80 1.4222 5.50269
81 0.454986 0.632093
82 1.33077 4.37069
83 0.633777 1.24931
84 1.30588 5.4977
85 0.563504 0.752593
86 1.42899 4.5432
87 0.52459 0.760166
88 1.33283 5.49852
89 0.532897 0.722805
90 1.3087 4.61858
91 0.732551 1.55554
92 1.3542 3.99605
93 0.567284 0.801179
94 1.36474 5.49939
95 0.47582 0.687231
96 1.35692 5.49894
97 0.50039 0.696069
98 1.35462 5.49871
99 0.537669 0.699078
100 1.35271 4.12858
101 0.575374 0.911663
102 1.38295 5.49958
103 0.499713 0.667695
104 1.40617 4.25279
105 0.550096 0.770737
106 1.30044 5.49596
107 0.561893 0.758279
108 1.51747 4.69822
109 0.498289 0.671055
110 1.43646 4.35302
111 0.542823 0.742632
112 1.37019 5.49838
113 0.473053 0.681109
114 1.45445 5.50166
115 0.477747 0.606303
116 1.21884 3.76247
117 0.835773 1.76945
118 1.16753 3.2664
119 0.785737 1.73835
120 1.14806 3.69256
121 0.938246 2.34452
122 0.987759 2.90579
123 1.0033 3.01715
124 1.08034 2.98933
125 0.875434 2.25537
126 1.08413 3.39023
127 0.964621 2.62433
128 1.03479 2.94693
129 0.910206 2.62811
130 1.17425 3.44931
131 0.916201 3.62064
132 1.03624 4.45461
133 0.989863 4.0766
134 1.02992 4.17479
135 0.950433 3.88644
136 1.07211 4.36363
137 0.899409 3.66956
138 1.01246 5.77424
139 0.855399 3.1844
140 1.00264 4.80181
141 1.12024 4.74698
142 0.938317 3.39447
143 0.964584 3.98316
144 1.08521 4.3255
145 0.946746 3.50797
146 1.04938 4.01947
147 0.870254 3.54182
148 1.03773 5.77495
149 0.834651 2.94243
150 1.07903 4.70156
151 0.934477 3.76863
152 1.01795 4.39602
153 1.04014 4.22599
154 0.953507 3.84003
155 1.00336 4.2848
156 1.08744 4.25629
157 0.891443 3.41541
158 1.05435 4.53242
159 0.965826 3.93458
160 1.05559 4.26372
161 0.996293 3.73174
162 0.99675 3.76703
163 0.923831 3.79502
164 1.15264 4.70448
165 0.866561 3.06428
166 1.0312 4.34173
167 1.00432 4.04348
168 0.986053 4.00156
169 1.02635 4.13599
170 0.996469 3.8838
171 0.924939 3.91838
172 0.95135 5.77409
173 0.880231 3.76971
174 0.929986 5.77273
175 0.928394 3.97515
176 0.956474 5.77409
177 0.908313 3.72181
178 1.04936 4.8766
179 0.97847 4.1279
180 0.992719 4.33359
181 1.00846 4.4054
182 0.954729 4.3206
183 0.923593 5.77172
184 0.9905 4.03818
185 0.940394 4.12656
186 0.977203 5.77455
187 0.851609 3.52158
188 0.992171 5.77525
189 0.865939 3.3794
190 1.02508 5.77697
191 0.831334 3.06435
192 0.957326 5.77299
193 0.954816 3.7148
194 0.977653 4.14625
195 0.969204 4.35869
196 0.974131 5.77365
197 0.899404 3.55227
198 1.03017 4.67484
199 0.96046 4.22564
200 1.04746 4.88943
201 0.962534 4.15023
202 0.996899 4.65904
203 1.06067 4.73266
204 0.937637 3.95755
205 1.04868 4.77061
206 0.922333 4.08712
207 0.999577 5.7743
208 0.917946 3.30998
209 1.0066 4.09542
210 0.94469 4.02994
211 1.09428 4.78485
212 0.926739 3.65786
213 0.983119 4.35795
214 1.00698 4.6862
215 0.992003 4.52615
216 1.13335 4.71495
217 0.893671 3.25426
218 1.01233 4.27201
219 0.973347 4.15285
220 1.09007 4.42271
221 0.851881 3.54381
222 1.02407 5.77461
223 0.86901 3.07408
224 1.05792 4.32962
225 0.945273 3.77323
226 0.99709 4.29653
227 1.01401 4.32491
228 1.02384 4.19183
229 0.963684 3.96225
230 1.11471 4.31444
231 0.865863 3.21153
232 1.04172 4.62932
233 1.00223 4.09722
234 1.03975 4.0775
235 0.953876 3.6953
236 1.03119 4.13774
237 0.909074 3.83559
238 1.09862 5.77769
239 0.811464 2.36068
240 1.04529 4.16626
241 0.974336 3.73189
242 1.02531 3.97837
243 0.94382 3.73397
244 0.994761 4.27096
245 1.08656 4.3247
246 0.975616 3.49555
247 0.901447 3.72485
248 1.09104 5.77653
249 0.776699 2.43159
250 1.06351 4.80556
251 0.890056 3.96171
252 1.0397 5.77911
253 0.77337 2.92354
254 0.943969 5.77353
255 0.95417 3.84295
256 0.98351 4.28085
257 0.951629 4.48739
258 0.995287 5.77615
259 0.858323 3.34982
260 0.937913 5.77275
261 0.947413 3.9001
