0 BACKPROP 0 0.412928 0.0283273 0 0.119322 0.00125658
1 BFS 0 0.045475 0 0 0.0241106 0.00017403
2 BLACKSCHOLES_10M 0 0.47938 0.0176926 0.0894291 0.111723 0.111723
3 BODYTRACK 0 0.681353 0.00806248 0.00785522 0.101436 0.000206042
4 FACESIM 0 0.251304 0.0614776 0.0611622 0.183737 0.0220382
5 FERRET 0 0.316775 0.0730604 0.0729533 0.205598 0.0451068
6 HEARTWALL 0 0.394729 0.0551361 0.158115 0.177417 0.023509
7 HOTSPOT 0 0.0958484 0.133189 0.00825865 0.179422 0.0188736
8 JACOBI 0 0.0126521 0.0876327 0 0.175335 0.0167727
9 KMEANS 0 0.303253 0.017848 0.0176077 0.113334 0.0187926
10 KMEANSNF 0 0.560099 0.132489 0.030608 0.0518377 0.0520701
11 LAVAMD 0 0.178745 0 0.0992309 0.232515 0.134718
12 LEUKOCYTE 0 0.613299 0 0 0.0733575 0
13 LUD 0 0.740308 0.303738 0 0.0118252 0.0150234
14 NW 0 0.117456 0.125511 0.213386 0.237241 0.176141
15 SHA 0 0.158245 0.016874 0.0168182 0.0940943 0.000369136
16 SRAD 0 0.318574 0.809621 0.702542 0.231454 0.815788
17 STREAM 0 0 1.20925 0.963634 1.47499 0.127265
18 STREAM_threads 0 0.0574066 0.185468 0 0.32773 0.00458795
19 X264_ducks 0 0.765967 0.0613728 0.0611453 0.192533 0.0198389
20 X264_native 0 0.795429 0.0707578 0.0705045 0.192841 0.0211125
21 AVERAGE 0 0.3475821952 0.1617860848 0.1225357176 0.2148501571 0.07739840657
