0 BACKPROP 0 0.0448153 0.0936743 0.0862009 0.13363 0.0314925
1 BFS 0 0.0449441 0 0 0.157308 0.0212324
2 BLACKSCHOLES_10M 0 1.12279 0.881071 1.07847 0.517209 0.538594
3 BODYTRACK 0 0.0898648 0 0.00862882 0.098177 0.0222022
4 FACESIM 0 0.160754 0.0640505 0.160623 0.369582 0.0394989
5 FERRET 0 0.150294 0 0.0436703 0.177748 0.0200522
6 HEARTWALL 0 0.179183 0.00725526 0.126299 0.0540062 0.0237867
7 HOTSPOT 0 0.00923246 0 0 0.0611307 0.0190138
8 JACOBI 0 0.196556 0.411749 0.0204779 0.981878 0.0898339
9 KMEANS 0 0.23295 0 0.0177154 0.153473 0.0225618
10 KMEANSNF 0 0.915925 0.0804877 0.194154 0.136619 0.0719642
11 LAVAMD 0 2.30786 3.06765 3.0684 0.839872 0.241431
12 LEUKOCYTE 0 0 0.602723 0.603345 0.915265 0.0583881
13 LUD 0 10.6342 0 0.475346 0.114407 0.0399021
14 NW 0 0 0 0.0640041 0.181825 0.0250239
15 SHA 0 0.163129 0 0 0.0751474 0.0183465
16 SRAD 0 0.256908 0.0355923 0.240069 0.429439 0.06347
17 STREAM 0 0.00216367 0.261659 0.127997 0.887829 0.0668078
18 STREAM_threads 0 0.212343 0.71198 0.000867752 1.43662 0.105933
19 X264_ducks 0 0.19175 0 0.0829097 0.263997 0.0274578
20 X264_native 0 0.170601 0 0.0695096 0.200937 0.0302428
21 AVERAGE 0 0.8136315871 0.2960900981 0.3080327368 0.3898142524 0.07510645714
