0 BACKPROP 0 0.663863 0.0562227 0 0.1705 0
1 BFS 0 0.0705996 0.00563154 0.0126193 0.0304615 0.0056639
2 BLACKSCHOLES_10M 0 0.215469 0.0505758 0.166858 0.179768 0.179768
3 BODYTRACK 0 0.66725 0 0 0.0492145 0.00507967
4 FACESIM 0 0.307571 0.0484411 0.0476426 0.199763 0.0208759
5 FERRET 0 0.282526 0 0 0.0341957 0.0223851
6 HEARTWALL 0 0.225571 0.0754874 0.225933 0.236109 0.0124839
7 HOTSPOT 0 0.0286478 0.183977 0.029476 0.237027 0.0369066
8 JACOBI 0 0.0466601 0.148951 0.0165205 0.257224 0.0262357
9 KMEANS 0 0.657896 0 0 0.0275412 0.0140322
10 KMEANSNF 0 0.841098 0 0.0672438 0.0788837 0.0787719
11 LAVAMD 0 0.790183 0.0217615 0.240753 0.456995 0.265075
12 LEUKOCYTE 0 0.136597 0 0 0.0959589 0
13 LUD 0 0.427401 0.211639 0.0105849 0.0304986 0.0291772
14 NW 0 0.545824 0.173153 0.311592 0.325026 0.240633
15 SHA 0 0.657811 0 0 0.0491275 0.0114793
16 SRAD 0 0.445672 1.26131 1.06441 0.315433 0.595342
17 STREAM 0 0 1.9083 1.55798 0.822343 0.109891
18 STREAM_threads 0 0.110235 0.29682 0 0.489685 0.00697735
19 X264_ducks 0 0.373972 0 0 0.06937 0.0114598
20 X264_native 0 0.263845 0 0 0.0493477 0.0149193
21 AVERAGE 0 0.3694615 0.2115366686 0.1786482429 0.2002129667 0.08034080095
