0 BACKPROP 0 0 0.0988299 0 0 0.00718222
1 BFS 0 0 0 0 0 0.0325725
2 BLACKSCHOLES_10M 0 0.415657 0.0658924 0.416001 0.00723091 0.063591
3 BODYTRACK 0 0.252976 0 0.431313 0 0.011153
4 FACESIM 0 0.519835 0.200162 0.200489 0.0595836 0.0111643
5 FERRET 0 0.333733 0.0656289 0.333894 0 0.0132554
6 HEARTWALL 0 0.364256 0.0746564 0.364417 0 0.00849455
7 HOTSPOT 0 0 0 0 0 0.0148472
8 JACOBI 0 0.442473 1.12967 0.896008 0.830627 0.0697281
9 KMEANS 0 0.353955 0 0.354168 0 0.0105818
10 KMEANSNF 0 1.39808 0.775007 1.39813 0.58936 0.045133
11 LAVAMD 0 0 0.239179 0.130697 0.0827643 0.121686
12 LEUKOCYTE 0 1.06979 0.748958 0.75013 0.536662 0.0178469
13 LUD 0 8.34309 0.17559 8.34309 0.0421096 0.0195644
14 NW 0 0.131812 0 0 0 0.0069307
15 SHA 0 0.367604 0 0.367664 0 0.00652632
16 SRAD 0 0 0.2248 1.68546 0.116098 0.0374757
17 STREAM 0 0 0.572063 0.0999346 0.47776 0.0316149
18 STREAM_threads 0 0.12134 1.89364 0.039781 1.89321 0.142922
19 X264_ducks 0 0.373413 0.201683 0.373545 0.0600407 0.0105113
20 X264_native 0 0.334741 0.0947914 0.334859 0.00389814 0.0121488
21 AVERAGE 0 0.7058454762 0.3124071905 0.7866466952 0.2237782976 0.03309190905
