0 BACKPROP 0 0.241453 0.253917 0.112946 0.120139 0.00820375
1 BFS 0 0.121633 0.0951151 0.0340877 0.126417 0.0324979
2 BLACKSCHOLES_10M 0 1.42186 1.37471 0.0890506 0.0972998 0.0972998
3 BODYTRACK 0 0.152689 0.0416157 0.00445476 0.0908706 0.0201063
4 FACESIM 0 0.0435734 0.0431532 0.0431499 0.261643 0.0216999
5 FERRET 0 0.0593344 0 0.0179816 0.162522 0.00410276
6 HEARTWALL 0 0.60268 0.561241 0.602662 0.0854357 0.0594971
7 HOTSPOT 0 0.0841201 0.158139 0.0841718 0.200103 0.0916065
8 JACOBI 0 0.150491 0.0223778 0.0223705 0.57489 0.0289251
9 KMEANS 0 0.0745605 0.097737 0.0539018 0.130638 0.0451942
10 KMEANSNF 0 1.11618 0.677154 1.11617 0.104595 0.0788324
11 LAVAMD 0 2.34632 1.45392 0.275148 0.524778 0.293015
12 LEUKOCYTE 0 0.0469987 0.0472005 0.0471961 0.410145 1e-06
13 LUD 0 0.234632 0.194188 0.255416 0.0542685 0.113795
14 NW 0 0.115917 0.130986 0.0763811 0.144731 0.0773343
15 SHA 0 0.0812821 0.0017912 0 0.0679972 0.0142626
16 SRAD 0 0.481111 0.343848 0.276181 0.315625 0.392942
17 STREAM 0 0.00106513 0 0.000955913 0.734551 0.0898802
18 STREAM_threads 0 0.161787 0.201432 0.0024922 1.01564 0.010248
19 X264_ducks 0 0.0362598 0.0316755 0.0280757 0.122842 0
20 X264_native 0 0.0339786 0.000327107 0.0339765 0.158786 0.0114199
21 AVERAGE 0 0.3622821776 0.2728822908 0.1512747225 0.2620912762 0.07099351
