0 BACKPROP 0 0 0 0 0
1 BFS 0 0 0 0 0.0640041
2 BLACKSCHOLES_10M 0.168204 0 0.168208 0 0
3 BODYTRACK 0.0878445 0 0.251408 0 0.0814447
4 FACESIM 0.17648 0 0 0 0.134508
5 FERRET 0.204335 0 0.217592 0 0.0700326
6 HEARTWALL 0.24261 0 0.242617 0 0.0865467
7 HOTSPOT 0 0 0 0 0.00737702
8 JACOBI 0.240998 0.842126 0.638098 0.724016 1.10087
9 KMEANS 0.156266 0 0.15627 0 0.0060767
10 KMEANSNF 1.2697 0.68037 1.2697 0.618825 0.347758
11 LAVAMD 0 0 0 0 0.0796688
12 LEUKOCYTE 0.332184 0.129894 0.12995 0.0711501 0
13 LUD 7.46711 0.0733218 7.46711 0.019633 0.446535
14 NW 0 0 0 0 0.00287826
15 SHA 0.245505 0 0.245515 0 0.0893294
16 SRAD 0 0.0870475 1.36912 0.0426137 0.0233267
17 STREAM 0 0.284236 0 0.237399 0.286207
18 STREAM_threads 0 1.41469 0 1.41267 0.673091
19 X264_ducks 0.167159 0.0389114 0.167165 0 0
20 X264_native 0.146928 0 0.143036 0 0.00735571
21 AVERAGE 0.519301119 0.1690760333 0.593609 0.1488717524 0.1670004614
