0 BACKPROP 0.681246 0.0594017 0 0.178542 0.149832
1 BFS 0.0394135 0 0 0.0326397 0.105796
2 BLACKSCHOLES_10M 0.222634 0.050044 0.169717 0.180764 0.336659
3 BODYTRACK 0.524911 0 0 0.0851248 0.109218
4 FACESIM 0.221086 0 0 0.179099 0.122695
5 FERRET 0.147348 0 0 0.0737679 0.0793634
6 HEARTWALL 0.152713 0.0102286 0.152709 0.16071 0.166936
7 HOTSPOT 0.0215412 0.177518 0.0226455 0.24217 0.194837
8 JACOBI 0.0621428 0.163929 0.0181537 0.343378 0.12099
9 KMEANS 0.459871 0 0 0.059934 0.0988721
10 KMEANSNF 0.842666 0 0.0529364 0.0627207 0.200006
11 LAVAMD 0.888146 0.111023 0.261723 0.491089 0.530428
12 LEUKOCYTE 0.106855 0 0 0.0861643 0.120431
13 LUD 0.42385 0.205547 0.00212149 0.0124993 0.205159
14 NW 0.364769 0.0304158 0.151452 0.173575 0.194204
15 SHA 0.451819 0 0 0.0734117 0.103621
16 SRAD 0.459268 1.26849 1.07089 0.321147 0.469385
17 STREAM 0 1.99221 1.63179 0.750801 0.166362
18 STREAM_threads 0.118716 0.315545 0 0.632299 0.117724
19 X264_ducks 0.0354261 0 0 0.112718 0.0579156
20 X264_native 0.143687 0 0 0.0712384 0.0895193
21 AVERAGE 0.3032432667 0.2087786714 0.16829229 0.2058948952 0.178093019
