0 BACKPROP 0.452903 0.0332735 0 0.128747 0.117236
1 BFS 0.0516032 0 0 0.0247267 0.0846528
2 BLACKSCHOLES_10M 0.58857 0.0225409 0.100719 0.121286 0.325371
3 BODYTRACK 0.763168 0.0117402 0.0117402 0.107915 0.157277
4 FACESIM 0.274486 0.0695221 0.0695107 0.19754 0.157482
5 FERRET 0.36284 0.0868856 0.0868797 0.225815 0.218331
6 HEARTWALL 0.480269 0.0623425 0.172809 0.189622 0.226043
7 HOTSPOT 0.103562 0.142071 0.0106104 0.188173 0.10073
8 JACOBI 0.0228944 0.103485 0.00133779 0.194482 0.103162
9 KMEANS 0.360133 0.0153758 0.015349 0.113047 0.174388
10 KMEANSNF 0.65741 0.150455 0.0365197 0.0555382 0.244371
11 LAVAMD 0.219579 0.0139489 0.117733 0.26251 0.318466
12 LEUKOCYTE 0.691984 0 0 0.0779765 0.133468
13 LUD 0.800037 0.332756 0 0.01228 0.442791
14 NW 0.135593 0.142809 0.238769 0.259343 0.266267
15 SHA 0.176356 0.0211928 0.0211448 0.0995524 0.159747
16 SRAD 0.341452 0.868977 0.753854 0.246266 0.869428
17 STREAM 0 1.2291 0.969163 1.22782 0.356894
18 STREAM_threads 0.071017 0.208055 0 0.358637 0.103842
19 X264_ducks 0.792934 0.069266 0.069226 0.213438 0.150624
20 X264_native 0.872764 0.0771463 0.0770999 0.202718 0.171858
21 AVERAGE 0.3914073619 0.1743306 0.131069771 0.2146396571 0.2324966095
