0 BACKPROP 0 0 0 0 0
1 BFS 0 0 0 0 0.0674227
2 BLACKSCHOLES_10M 0.0296085 0 0.00467677 0.0555616 0.0695416
3 BODYTRACK 0 0 0 0 0.1106
4 FACESIM 0 0 0 0.0937556 0.148847
5 FERRET 0 0 0 0.0562562 0.145231
6 HEARTWALL 0 0 0 0.00203413 0.119937
7 HOTSPOT 0 0 0 0 0.0353274
8 JACOBI 0.0796012 0.289763 0 0.826157 0.580276
9 KMEANS 0 0 0 0 0.161195
10 KMEANSNF 0.653436 0 0.0367658 0.467001 0.464095
11 LAVAMD 0 0 0 0.0678193 0.111668
12 LEUKOCYTE 0 0.108461 0.107825 0.484949 0.218956
13 LUD 8.63716 0 0.245498 0.0492783 0.67221
14 NW 0 0 0 0 0.0197453
15 SHA 0 0 0 0 0.106415
16 SRAD 0.053248 0 0.0423366 0.184628 0.12441
17 STREAM 0 0 0 0.353964 0.347843
18 STREAM_threads 0.0973142 0.57182 0 1.58695 1.00121
19 X264_ducks 0 0 0 0.0364993 0
20 X264_native 0 0 0 0.0395821 0.113162
21 AVERAGE 0.4547794238 0.04619257143 0.02081438905 0.2049731205 0.2199091429
