0 BACKPROP 0.0559484 0.0649412 0 0.116074 0.0715736
1 BFS 0.028174 0 0 0.141676 0.0366594
2 BLACKSCHOLES_10M 1.1685 1.11971 0 0.305231 0.403828
3 BODYTRACK 0.0350467 0 0 0.0705652 0.038248
4 FACESIM 0 0 0 0.261009 0.108197
5 FERRET 0 0 0 0.135195 0.0354668
6 HEARTWALL 0.175725 0.144131 0.169064 0.0787137 0.113465
7 HOTSPOT 0 0.010301 0 0.112014 0.0332991
8 JACOBI 0.157761 0.0295671 0.0295671 0.689629 0.0984726
9 KMEANS 0 0 0 0.112342 0.038095
10 KMEANSNF 0.672123 0.325469 0.672109 0.0742408 0.101735
11 LAVAMD 2.33393 1.4536 0.251912 0.531506 0.441799
12 LEUKOCYTE 0.0192464 0.0192464 0.0192423 0.618327 0.0692248
13 LUD 0.0699948 0.0349331 0.102053 0.064787 0.166022
14 NW 0 0 0 0.161075 0.0759421
15 SHA 0 0 0 0.0551061 0.0323284
16 SRAD 0.450295 0.315867 0.264197 0.30498 0.284962
17 STREAM 0.00871123 0.00418242 0.00883436 0.687986 0.0963037
18 STREAM_threads 0.156964 0.202908 0.0005483 1.15623 0.115279
19 X264_ducks 0 0 0 0 0
20 X264_native 0 0 0 0.131781 0.0362673
21 AVERAGE 0.2539247395 0.1773741057 0.07226319333 0.2765937048 0.1141508476
