0 0.497059 1.13512
1 0.983257 2.11303
2 0.999696 2.14556
3 1.02679 2.1467
4 0.960523 2.09371
5 1.04967 2.16132
6 0.923179 2.06302
7 0.992379 2.16002
8 0.991266 2.15997
9 0.956893 2.1592
10 1.07236 2.16167
11 0.980903 2.02051
12 0.943696 2.0564
13 1.06791 2.16149
14 0.977373 2.02891
15 1.0301 2.07354
16 0.886717 2.01253
17 1.01715 2.16028
18 0.988846 2.12667
19 1.02926 2.14898
20 0.959176 2.09116
21 0.99196 2.15964
22 1.03698 2.16058
23 0.967204 2.08793
24 0.988274 2.15142
25 1.07998 2.16143
26 0.921394 2.00417
27 1.01874 2.1574
28 0.982746 2.12057
29 1.04425 2.15505
30 1.01642 2.06935
31 0.995233 2.0373
32 0.922751 2.04486
33 1.10574 2.16178
34 0.920787 1.95445
35 0.986646 2.10814
36 1.01343 2.13437
37 0.987791 2.10796
38 1.02148 2.13214
39 1.00575 2.09047
40 0.923887 2.07969
41 0.93248 2.15997
42 0.934669 2.15998
43 0.911539 2.15945
44 0.957784 2.16043
45 0.937503 2.15997
46 0.971304 2.16067
47 0.997989 2.16122
48 0.988617 2.16099
49 0.975639 2.16069
50 0.98206 2.1608
51 0.939709 2.15985
52 0.905273 2.15908
53 1.01324 2.16139
54 0.938149 2.13426
55 0.957821 2.16014
56 0.93747 2.15967
57 0.972491 2.1604
58 0.973944 2.16041
59 1.00474 2.16104
60 0.977479 2.1513
61 0.938339 2.15955
62 1.02223 2.16134
63 0.964443 2.11729
64 0.949127 2.1597
65 0.95481 2.1598
66 0.985786 2.16044
67 0.989583 2.1605
68 0.957383 2.15977
69 0.995464 2.16057
70 0.969314 2.15998
71 0.958304 2.15971
72 1.01598 2.16094
73 0.954867 2.12884
74 1.00256 2.16059
75 0.934376 2.15417
76 0.979751 2.16004
77 1.04365 2.1614
78 0.979247 2.07602
79 0.946056 2.11519
80 1.04549 2.16136
81 0.956999 2.07191
82 0.960524 2.15467
83 0.966663 2.15957
84 0.959983 2.1594
85 1.0867 2.16212
86 0.9404 1.99216
87 0.977199 2.10756
88 0.975793 2.15136
89 1.06067 2.16145
90 0.880716 2.04084
91 1.00376 2.16016
92 1.02117 2.15328
93 1.01573 2.11242
94 0.964573 2.08103
95 0.979604 2.14946
96 0.997501 2.15989
97 1.0254 2.16047
98 0.971837 2.11044
99 1.0987 2.162
100 0.905631 1.968
101 0.998791 2.15146
102 1.01364 2.15408
103 1.04099 2.12843
104 0.967779 2.048
105 1.01521 2.11096
106 0.919064 2.0796
107 1.07683 2.16131
108 1.00073 2.01191
109 0.97331 2.00988
110 0.990157 2.06154
111 1.01625 2.081
112 0.952551 2.04834
113 0.976229 2.14006
114 1.0692 2.16096
115 1.00776 2.02655
116 0.892774 2.00912
117 1.0694 2.16088
118 0.952743 2.0249
119 0.993547 2.11661
120 0.9061 2.12923
121 1.01908 2.16184
122 0.917344 2.1229
123 0.925244 2.15975
124 1.00304 2.16141
125 0.970591 2.15483
126 0.922744 2.15962
127 0.975546 2.16074
128 0.969763 2.16058
129 0.919309 2.15946
130 0.987826 2.16092
131 0.745587 2.26826
132 0.754917 2.26851
133 0.755264 2.2685
134 0.775511 2.26909
135 0.744506 2.26811
136 0.78725 2.26938
137 0.7266 2.26751
138 0.744284 2.26802
139 0.743449 2.26797
140 0.71767 2.26716
141 0.804269 2.26976
142 0.789866 2.26929
143 0.745413 2.26791
144 0.800933 2.26957
145 0.783476 2.26901
146 0.807229 2.26971
147 0.716226 2.26691
148 0.762859 2.2683
149 0.75389 2.268
150 0.776356 2.26866
151 0.744257 2.26766
152 0.74397 2.26762
153 0.777736 2.26861
154 0.751763 2.26779
155 0.744159 2.26753
156 0.809987 2.2695
157 0.74775 2.26759
158 0.765051 2.26808
159 0.751389 2.26764
160 0.785316 2.26865
161 0.797953 2.269
162 0.794263 2.26886
163 0.732893 2.26697
164 0.829304 2.26987
165 0.767539 2.26796
166 0.759074 2.26768
167 0.769687 2.26797
168 0.760014 2.26765
169 0.776713 2.26813
170 0.780877 2.26823
171 0.72139 2.26866
172 0.69936 2.26796
173 0.701001 2.26799
174 0.683654 2.26743
175 0.718339 2.26845
176 0.703127 2.26796
177 0.728479 2.26871
178 0.748491 2.26928
179 0.741463 2.26904
180 0.731729 2.26872
181 0.736544 2.26884
182 0.704781 2.26784
183 0.678954 2.26703
184 0.759929 2.26946
185 0.712556 2.268
186 0.718366 2.26815
187 0.703103 2.26765
188 0.729369 2.26842
189 0.730459 2.26843
190 0.753559 2.2691
191 0.736421 2.26855
192 0.703753 2.26753
193 0.766674 2.26941
194 0.738907 2.26854
195 0.711844 2.26769
196 0.716107 2.26779
197 0.739339 2.26847
198 0.742187 2.26852
199 0.718037 2.26777
200 0.746599 2.2686
201 0.726986 2.26798
202 0.718727 2.2677
203 0.761987 2.26899
204 0.72717 2.2679
205 0.751917 2.26862
206 0.702484 2.26709
207 0.734813 2.26805
208 0.782737 2.26947
209 0.766143 2.26894
210 0.725287 2.26767
211 0.78412 2.26943
212 0.750104 2.26837
213 0.7221 2.26749
214 0.724997 2.26755
215 0.719987 2.26737
216 0.815029 2.27022
217 0.768474 2.26878
218 0.752231 2.26827
219 0.734844 2.2677
220 0.795501 2.26952
221 0.70085 2.26662
222 0.752819 2.26817
223 0.768617 2.26862
224 0.78024 2.26894
225 0.752437 2.26807
226 0.738367 2.26762
227 0.748126 2.26788
228 0.769047 2.26849
229 0.746861 2.26779
230 0.824021 2.2701
231 0.749344 2.26781
232 0.752179 2.26786
233 0.762481 2.26815
234 0.793341 2.26906
235 0.76787 2.26825
236 0.780287 2.26861
237 0.716986 2.26665
238 0.807624 2.26938
239 0.809519 2.2694
240 0.787926 2.26872
241 0.780253 2.26846
242 0.793041 2.26882
243 0.755444 2.26765
244 0.739064 2.26713
245 0.801901 2.269
246 0.808891 2.26919
247 0.722284 2.26653
248 0.80205 2.26893
249 0.764886 2.26777
250 0.761139 2.26763
251 0.689836 2.2677
252 0.764307 2.26993
253 0.700681 2.26797
254 0.693933 2.26774
255 0.75228 2.26948
256 0.730047 2.26878
257 0.692059 2.2676
258 0.73166 2.26877
259 0.727321 2.26861
260 0.689481 2.26744
261 0.740869 2.26897
