0 0.420439 0.890412
1 0.816487 1.67033
2 0.859816 1.67116
3 0.86223 1.67119
4 0.865593 1.67123
5 0.863989 1.67118
6 0.84034 1.67069
7 0.853093 1.67092
8 0.861063 1.67106
9 0.836754 1.67056
10 0.866657 1.67113
11 0.880079 1.67137
12 0.883243 1.67141
13 0.858367 1.6709
14 0.864137 1.67099
15 0.876057 1.67121
16 0.856669 1.67081
17 0.865741 1.67096
18 0.828269 1.6702
19 0.85816 1.67077
20 0.806963 1.66974
21 0.879367 1.67115
22 0.943907 1.6724
23 0.848266 1.67049
24 0.889913 1.67129
25 0.857617 1.67064
26 0.869177 1.67084
27 0.879989 1.67103
28 0.90994 1.6716
29 0.911581 1.67161
30 0.924219 1.67185
31 0.891587 1.67118
32 0.858043 1.6705
33 0.86098 1.67053
34 0.924236 1.67176
35 0.857786 1.67043
36 0.89478 1.67114
37 0.889467 1.67101
38 0.876181 1.67073
39 0.894909 1.67108
40 0.78686 1.6706
41 0.825686 1.67134
42 0.803334 1.67088
43 0.844919 1.67168
44 0.770964 1.6702
45 0.809281 1.67093
46 0.797919 1.67069
47 0.864674 1.67198
48 0.796006 1.67061
49 0.798199 1.67063
50 0.806569 1.67078
51 0.76483 1.66993
52 0.831843 1.67124
53 0.814944 1.67088
54 0.87163 1.67198
55 0.822063 1.67098
56 0.788163 1.67029
57 0.834866 1.67119
58 0.817101 1.67082
59 0.820701 1.67087
60 0.779786 1.67004
61 0.80385 1.67049
62 0.813793 1.67067
63 0.838669 1.67114
64 0.820747 1.67076
65 0.799401 1.67032
66 0.795331 1.67022
67 0.789584 1.67009
68 0.854823 1.67135
69 0.794267 1.67014
70 0.81607 1.67055
71 0.80694 1.67034
72 0.84679 1.67111
73 0.846623 1.67109
74 0.872494 1.67158
75 0.861287 1.67133
76 0.858411 1.67126
77 0.895071 1.67196
78 0.874584 1.67153
79 0.805943 1.67016
80 0.86109 1.67122
81 0.801511 1.67003
82 0.843304 1.67083
83 0.861889 1.67118
84 0.889237 1.6717
85 0.839754 1.6707
86 0.829914 1.67049
87 0.926241 1.67236
88 0.860294 1.67104
89 0.80053 1.66984
90 0.844399 1.67069
91 0.87453 1.67126
92 0.895449 1.67165
93 0.845254 1.67064
94 0.83996 1.67051
95 0.932997 1.67233
96 0.867607 1.67102
97 0.870293 1.67105
98 0.85949 1.67082
99 0.846633 1.67054
100 0.849686 1.67058
101 0.834079 1.67026
102 0.853843 1.67063
103 0.870943 1.67094
104 0.937183 1.67223
105 0.885917 1.67119
106 0.84726 1.67041
107 0.853739 1.67051
108 0.861666 1.67065
109 0.880471 1.671
110 0.907317 1.67151
111 0.882194 1.67099
112 0.914343 1.67161
113 0.843291 1.67019
114 0.871807 1.67073
115 0.858947 1.67045
116 0.92958 1.67182
117 0.933639 1.67188
118 0.929236 1.67177
119 0.902616 1.67123
120 0.838646 1.67162
121 0.852476 1.67187
122 0.79169 1.67065
123 0.810907 1.67101
124 0.84382 1.67164
125 0.83589 1.67146
126 0.814273 1.67102
127 0.863419 1.67196
128 0.793156 1.67055
129 0.809864 1.67086
130 0.814624 1.67094
131 0.630657 1.75437
132 0.612366 1.75384
133 0.644863 1.75471
134 0.646673 1.75474
135 0.649196 1.75479
136 0.647991 1.75474
137 0.630256 1.75423
138 0.63982 1.75447
139 0.645797 1.75461
140 0.627567 1.75409
141 0.649994 1.75468
142 0.66006 1.75494
143 0.662433 1.75498
144 0.643776 1.75445
145 0.648103 1.75454
146 0.657044 1.75477
147 0.642503 1.75435
148 0.649307 1.75451
149 0.621201 1.75371
150 0.643621 1.75431
151 0.605223 1.75323
152 0.659526 1.7547
153 0.707931 1.75602
154 0.6362 1.75402
155 0.667434 1.75486
156 0.643213 1.75416
157 0.651884 1.75438
158 0.659993 1.75459
159 0.682456 1.75518
160 0.683687 1.7552
161 0.693164 1.75544
162 0.66869 1.75474
163 0.643533 1.75402
164 0.645736 1.75406
165 0.693177 1.75535
166 0.64334 1.75395
167 0.671086 1.75469
168 0.667101 1.75456
169 0.657136 1.75426
170 0.671181 1.75463
171 0.590146 1.75413
172 0.619264 1.75491
173 0.602501 1.75442
174 0.63369 1.75526
175 0.578224 1.75371
176 0.606961 1.75448
177 0.59844 1.75423
178 0.648507 1.75558
179 0.597006 1.75414
180 0.59865 1.75416
181 0.604927 1.75432
182 0.573623 1.75343
183 0.623883 1.7548
184 0.611209 1.75442
185 0.653723 1.75557
186 0.616547 1.75453
187 0.591123 1.7538
188 0.62615 1.75475
189 0.612827 1.75436
190 0.615527 1.75441
191 0.58484 1.75354
192 0.602887 1.75402
193 0.610346 1.7542
194 0.629001 1.7547
195 0.615561 1.7543
196 0.599551 1.75384
197 0.5965 1.75373
198 0.592189 1.75359
199 0.641119 1.75492
200 0.5957 1.75364
201 0.612053 1.75408
202 0.605206 1.75386
203 0.635093 1.75466
204 0.634967 1.75464
205 0.654371 1.75515
206 0.645966 1.7549
207 0.643809 1.75482
208 0.671304 1.75556
209 0.655939 1.75511
210 0.604459 1.75367
211 0.645817 1.75479
212 0.601134 1.75353
213 0.632479 1.75437
214 0.646417 1.75474
215 0.666929 1.75528
216 0.629817 1.75424
217 0.622436 1.75401
218 0.694681 1.75598
219 0.645221 1.75459
220 0.600397 1.75333
221 0.633299 1.75422
222 0.655897 1.75482
223 0.671587 1.75524
224 0.633941 1.75418
225 0.629971 1.75404
226 0.699749 1.75595
227 0.650706 1.75457
228 0.65272 1.7546
229 0.644617 1.75436
230 0.634976 1.75407
231 0.637264 1.75411
232 0.62556 1.75377
233 0.640383 1.75415
234 0.653207 1.75448
235 0.702889 1.75584
236 0.664439 1.75475
237 0.635446 1.75393
238 0.640304 1.75404
239 0.64625 1.75419
240 0.660354 1.75455
241 0.680489 1.75508
242 0.661646 1.75454
243 0.685757 1.75519
244 0.632469 1.7537
245 0.653856 1.75426
246 0.64421 1.75397
247 0.697186 1.75541
248 0.70023 1.75548
249 0.696929 1.75536
250 0.676961 1.75479
251 0.628984 1.7552
252 0.639357 1.75546
253 0.593769 1.75418
254 0.608181 1.75456
255 0.632866 1.75522
256 0.626917 1.75503
257 0.610706 1.75456
258 0.647564 1.75556
259 0.594867 1.75408
260 0.607399 1.75441
261 0.610969 1.75448
