0 1.21605
1 0.946018
2 0.945966
3 1.02413
4 1.03447
5 0.993055
6 1.08415
7 0.860394
8 1.0397
9 1.004
10 0.987445
11 1.03662
12 0.971742
13 1.05665
14 0.902837
15 1.07998
16 0.942475
17 1.06237
18 0.972288
19 0.99774
20 1.03655
21 0.964512
22 0.977162
23 0.984169
24 1.01278
25 1.00461
26 0.966692
27 1.05129
28 1.02805
29 0.982437
30 0.971077
31 1.06687
32 0.915072
33 0.992426
34 1.12868
35 0.910908
36 1.01931
37 0.968868
38 1.01897
39 1.03597
40 0.964683
41 1.01649
42 1.01361
43 0.981692
44 0.972786
45 0.996534
46 1.0063
47 1.05889
48 0.963205
49 0.956488
50 1.034
51 1.03119
52 0.986045
53 1.0047
54 0.97546
55 0.978752
56 1.03922
57 0.950566
58 1.02631
59 0.945972
60 1.09596
61 0.938494
62 1.04929
63 0.9722
64 1.02489
65 0.989005
66 1.01668
67 0.964411
68 1.05162
69 0.908229
70 1.01454
71 1.04038
72 0.991798
73 0.986602
74 1.08947
75 0.904171
76 1.05817
77 0.932372
78 1.0177
79 1.00259
80 1.01328
81 1.01398
82 1.01396
83 0.988945
84 1.01737
85 0.982394
86 0.954066
87 1.02215
88 1.00194
89 0.993097
90 0.99048
91 1.04057
92 0.998595
93 0.933214
94 1.03943
95 1.03171
96 0.920862
97 1.0914
98 0.98608
99 0.938517
100 1.0229
101 0.966962
102 1.06182
103 0.985834
104 1.02632
105 0.934369
106 1.10357
107 0.908655
108 1.01016
109 1.02431
110 1.03416
111 0.933768
112 1.07506
113 0.915903
114 1.06298
115 1.01327
116 1.02394
117 0.915422
118 1.02469
119 1.0025
120 0.95882
121 1.0652
122 0.988777
123 0.984482
124 0.996832
125 0.926455
126 1.08419
127 0.92552
128 1.06778
129 0.962218
130 1.08648
131 0.959558
132 1.02968
133 0.992229
134 0.963958
135 0.991177
136 0.962652
137 1.08623
138 0.931677
139 1.05606
140 1.00558
141 0.970457
142 0.922072
143 1.10199
144 0.940749
145 0.996352
146 1.05359
147 0.977637
148 0.955338
149 1.0032
150 1.08383
151 0.955715
152 1.07277
153 0.930268
154 0.974194
155 1.05483
156 0.965645
157 1.01775
158 0.974274
159 0.999498
160 1.00807
161 1.04898
162 0.976974
163 0.955355
164 1.07366
165 0.905237
166 1.03775
167 1.05135
168 0.997148
169 0.908846
170 1.08125
171 1.00473
172 0.957328
173 1.02951
174 1.01998
175 0.915452
176 1.10349
177 0.905146
178 1.016
179 0.974498
180 1.04321
181 0.947954
182 1.10122
183 0.934243
184 1.01111
185 1.02853
186 0.891003
187 1.11046
188 0.959492
189 1.03809
190 1.02606
191 0.970289
192 0.995609
193 1.01826
194 1.02527
195 0.943312
196 0.942408
197 1.05103
198 1.04155
199 0.933226
