0 0.602911
1 1.51446
2 0.749835
3 1.43763
4 0.513357
5 1.5055
6 0.54408
7 1.45413
8 0.506445
9 1.48986
10 0.507435
11 1.51428
12 0.510829
13 1.5445
14 0.492743
15 1.51618
16 0.500385
17 1.52493
18 0.511935
19 1.49721
20 0.522058
21 1.46837
22 0.502652
23 1.45642
24 0.504015
25 1.47686
26 0.496934
27 1.4926
28 0.531811
29 1.5172
30 0.507245
31 1.54579
32 0.497865
33 1.44506
34 0.541154
35 1.50959
36 0.514928
37 1.4812
38 0.510575
39 1.53817
40 0.510002
41 1.45506
42 0.523631
43 1.51532
44 0.503075
45 1.43577
46 0.508578
47 1.54831
48 0.515785
49 1.41665
50 0.51376
51 1.53607
52 0.519862
53 1.52305
54 0.507848
55 1.40184
56 0.520426
57 1.46888
58 0.512862
59 1.43754
60 0.619515
61 1.4771
62 0.519415
63 1.49884
64 0.518334
65 1.51237
66 0.518611
67 1.43829
68 0.527502
69 1.4517
70 0.500117
71 1.50103
72 0.514623
73 1.48334
74 0.540878
75 1.48852
76 0.524149
77 1.47044
78 0.506717
79 1.4856
80 0.514498
81 1.51744
82 0.523643
83 1.52404
84 0.521611
85 1.43224
86 0.502985
87 1.48873
88 0.511403
89 1.48785
90 0.505482
91 1.5178
92 0.5197
93 1.44992
94 0.508683
95 1.52388
96 0.492298
97 1.52551
98 0.520529
99 1.43407
100 0.506297
101 1.44603
102 0.543806
103 1.50179
104 0.52374
105 1.45967
106 0.535971
107 1.47987
108 0.506942
109 1.50358
110 0.529411
111 1.47758
112 0.529434
113 1.4686
114 0.521725
115 1.54956
116 0.534605
117 1.37702
118 0.516857
119 1.50995
120 0.501994
121 1.5264
122 0.520963
123 1.5064
124 0.509637
125 1.4035
126 0.517334
127 1.43707
128 0.612428
129 1.46526
130 0.531578
131 1.52544
132 0.525926
133 1.49726
134 0.509291
135 1.42873
136 0.496085
137 1.53205
138 0.502634
139 1.52116
140 0.522751
141 1.45296
142 0.484465
143 1.51368
144 0.501628
145 1.45696
146 0.520102
147 1.49952
148 0.496235
149 1.44646
150 0.572143
151 1.50061
152 0.536551
153 1.50759
154 0.498222
155 1.51856
156 0.505935
157 1.45826
158 0.505697
159 1.47766
160 0.508708
161 1.53976
162 0.517497
163 1.41919
164 0.5293
165 1.45381
166 0.509834
167 1.54207
168 0.528668
169 1.44522
170 0.520615
171 1.54043
172 0.506897
173 1.49427
174 0.524371
175 1.39409
176 0.534255
177 1.47024
178 0.507049
179 1.45019
180 0.578714
181 1.44137
182 0.550211
183 1.48803
184 0.511162
185 1.52047
186 0.480794
187 1.50652
188 0.508278
189 1.5165
190 0.529638
191 1.52347
192 0.511657
193 1.45177
194 0.532792
195 1.46932
196 0.488795
197 1.47993
198 0.524971
199 1.4679
