0 0.676526
1 0.784675
2 1.0355
3 1.04977
4 0.937725
5 1.00994
6 1.02821
7 0.967428
8 1.04718
9 0.935874
10 1.12716
11 0.872465
12 1.05661
13 1.02355
14 0.967498
15 1.00092
16 1.00012
17 1.00077
18 0.986095
19 1.03764
20 0.928955
21 1.04971
22 0.940311
23 1.04522
24 1.01242
25 0.953782
26 1.05484
27 0.95056
28 1.02244
29 1.02356
30 0.996605
31 0.972545
32 1.03744
33 0.991294
34 0.990675
35 0.949809
36 1.0117
37 1.00932
38 1.01906
39 1.0619
40 0.913262
41 0.994635
42 1.05742
43 0.993137
44 0.970025
45 1.0014
46 1.04322
47 0.977354
48 0.996405
49 0.980491
50 1.08439
51 0.882985
52 1.04031
53 1.03149
54 0.913482
55 1.12655
56 0.893194
57 1.05651
58 0.976275
59 0.999229
60 1.00025
61 0.999842
62 1.01278
63 1.07151
64 0.870568
65 1.05467
66 0.946391
67 1.12895
68 0.92666
69 0.994315
70 1.02819
71 0.94186
72 1.04358
73 1.01585
74 0.957605
75 0.935803
76 1.1416
77 0.906749
78 0.965782
79 1.07444
80 1.01836
81 0.996429
82 0.963212
83 1.04397
84 0.991132
85 0.960671
86 1.03365
87 0.967725
88 1.00514
89 1.00356
90 1.04652
91 0.918846
92 1.03963
93 1.04506
94 0.934898
95 0.949352
96 1.0774
97 1.00884
98 1.01493
99 0.978637
100 0.668545
101 1.00994
102 1.00719
103 1.06037
104 0.932745
105 1.01184
106 1.02865
107 0.967562
108 1.04647
109 0.935643
110 1.12604
111 0.873775
112 1.05529
113 1.02577
114 0.964942
115 1.0042
116 0.999083
117 1.00107
118 0.985951
119 1.03871
120 0.925926
121 1.05018
122 0.942003
123 1.03368
124 1.01945
125 0.950894
126 1.05361
127 0.952137
128 1.02128
129 1.02596
130 0.994843
131 0.973315
132 1.03734
133 0.990451
134 0.991597
135 0.950234
136 1.00206
137 1.0125
138 1.01914
139 1.06373
140 0.909323
141 0.996689
142 1.05644
143 0.994582
144 0.970112
145 1.00161
146 1.04329
147 0.975829
148 0.998588
149 0.980148
150 1.08369
151 0.882362
152 1.02602
153 1.03899
154 0.910003
155 1.09043
156 0.904749
157 1.04877
158 0.980952
159 0.998412
160 1.00039
161 0.999828
162 1.01277
163 1.07206
164 0.868992
165 1.02957
166 0.957148
167 1.10357
168 0.935425
169 0.996042
170 1.02764
171 0.940422
172 1.04284
173 1.01833
174 0.955669
175 0.936785
176 1.07854
177 0.928118
178 0.962385
179 1.03308
180 1.03503
181 0.989785
182 0.965485
183 1.0439
184 0.990049
185 0.96166
186 1.0334
187 0.968203
188 1.00473
189 1.00413
190 1.0467
191 0.916623
192 1.03017
193 1.05138
194 0.930005
195 0.951572
196 1.02638
197 1.0285
198 1.00838
199 0.979517
200 0.929045
201 1.04105
202 1.00857
203 1.01149
204 0.937288
205 1.07538
206 0.860152
207 1.07639
208 0.9664
209 0.9641
210 0.996002
211 0.977343
212 1.078
213 0.931926
214 1.01187
215 0.975506
216 1.03583
217 1.03313
218 0.95592
219 0.994851
220 1.00185
221 0.972855
222 1.02581
223 1.03412
224 0.968302
225 0.995588
226 1.08223
227 0.914051
228 1.04399
229 0.932263
230 1.04979
231 0.932862
232 1.02804
233 1.02797
234 0.936846
235 1.0676
236 0.920797
237 1.02794
238 1.01514
239 0.982132
240 1.02154
241 0.941683
242 1.04825
243 0.964462
244 1.081
245 0.925394
246 0.99418
247 1.01906
248 1.02169
249 0.944246
250 1.05728
251 1.00171
252 0.95476
253 1.06009
254 0.92868
255 1.01723
256 1.04692
257 0.932326
258 1.05386
259 0.977477
260 1.03535
261 0.9985
262 0.984888
263 0.984998
264 1.02942
265 0.940282
266 1.05316
267 0.935477
268 0.971558
269 1.12062
270 0.923857
271 1.01104
272 0.982378
273 1.01274
274 0.954543
275 1.03657
276 0.996995
277 0.986643
278 0.982868
279 1.00177
280 1.02348
281 1.03226
282 1.01555
283 0.898705
284 1.03822
285 0.997492
286 1.02063
287 1.05291
288 0.895511
289 1.06154
290 0.93082
291 1.06033
292 0.975928
293 0.982409
294 1.02738
295 1.00279
296 0.982792
297 1.02177
298 0.998932
299 0.962666
300 0.994162
301 1.04974
302 0.982158
303 0.984535
304 0.973655
305 1.02871
306 1.00711
307 1.0382
308 0.944942
309 0.989189
310 1.04122
311 0.976602
312 1.06958
313 0.937942
314 0.986866
315 1.00195
316 1.02585
317 0.966603
318 1.05967
319 0.940085
320 1.00404
321 1.01661
322 1.082
323 0.88682
324 1.04919
325 0.951991
326 1.0131
327 1.0097
328 0.992632
329 1.04656
330 0.90192
331 1.04707
332 0.983102
333 1.0506
334 0.943562
335 0.988489
336 1.04808
337 0.952702
338 1.026
339 1.00743
340 0.959577
341 1.04002
342 0.988418
343 1.00307
344 0.965842
345 1.06879
346 0.984772
347 0.977742
348 1.03157
349 0.985414
350 0.993777
351 0.941912
352 1.05882
353 1.03442
354 0.949955
355 1.00592
356 1.00612
357 1.05478
358 0.966457
359 0.898755
360 1.02672
361 0.981957
362 1.05454
363 0.962682
364 0.969882
365 1.03467
366 1.01014
367 0.969511
368 1.07287
369 0.962963
370 0.944242
371 1.07567
372 0.920122
373 1.01345
374 1.03147
375 0.971097
376 0.998482
377 0.999231
378 1.08674
379 0.932771
380 0.9655
381 1.05084
382 0.943668
383 1.07064
384 0.925705
385 1.0073
386 1.05662
387 0.988252
388 1.01569
389 0.944154
390 1.02705
391 0.962618
392 1.05312
393 0.939998
394 1.05052
395 0.911335
396 1.07744
397 0.979955
398 1.00609
399 0.964737
