0 0.865328
1 0.892131
2 0.898057
3 0.937295
4 0.904466
5 0.901208
6 0.921278
7 0.9053
8 0.929472
9 0.895694
10 0.964303
11 0.899988
12 0.920363
13 0.9479
14 0.929823
15 0.925605
16 0.925815
17 0.926343
18 0.917289
19 0.939814
20 0.897882
21 0.91794
22 0.888935
23 0.906817
24 0.924968
25 0.896266
26 0.922355
27 0.900805
28 0.906754
29 0.926971
30 0.928678
31 0.910032
32 0.92936
33 0.930523
34 0.923043
35 0.888895
36 0.887255
37 0.895289
38 0.909198
39 0.953555
40 0.904962
41 0.889045
42 0.923651
43 0.931
44 0.9101
45 0.906085
46 0.934011
47 0.926789
48 0.92116
49 0.907922
50 0.957965
51 0.893062
52 0.902078
53 0.931123
54 0.878672
55 0.941925
56 0.896268
57 0.916155
58 0.912492
59 0.908183
60 0.908168
61 0.908122
62 0.916275
63 0.965505
64 0.887295
65 0.904274
66 0.881574
67 0.950057
68 0.927671
69 0.914234
70 0.931402
71 0.897169
72 0.914928
73 0.934626
74 0.90872
75 0.861283
76 0.934574
77 0.902197
78 0.867577
79 0.906446
80 0.934509
81 0.935002
82 0.909898
83 0.932048
84 0.934442
85 0.906877
86 0.921765
87 0.907097
88 0.904882
89 0.908288
90 0.938943
91 0.89232
92 0.904648
93 0.942563
94 0.906074
95 0.86442
96 0.902305
97 0.924722
98 0.935815
99 0.923857
100 0.648997
101 0.669098
102 0.673543
103 0.702972
104 0.678349
105 0.675906
106 0.69096
107 0.678975
108 0.697105
109 0.671772
110 0.723228
111 0.674992
112 0.690274
113 0.710925
114 0.697368
115 0.694205
116 0.694363
117 0.694757
118 0.687968
119 0.704862
120 0.673411
121 0.688455
122 0.666702
123 0.680112
124 0.693726
125 0.6722
126 0.691768
127 0.675605
128 0.680066
129 0.695229
130 0.696509
131 0.682526
132 0.69702
133 0.697892
134 0.692283
135 0.666672
136 0.665442
137 0.671468
138 0.6819
139 0.715168
140 0.678722
141 0.666785
142 0.69274
143 0.698251
144 0.682575
145 0.679563
146 0.700509
147 0.695092
148 0.690871
149 0.680942
150 0.718474
151 0.669797
152 0.67656
153 0.698343
154 0.659005
155 0.706443
156 0.672202
157 0.687117
158 0.684369
159 0.681137
160 0.681126
161 0.681092
162 0.687208
163 0.724129
164 0.665472
165 0.678206
166 0.661182
167 0.712543
168 0.695754
169 0.685675
170 0.698551
171 0.672878
172 0.686197
173 0.700971
174 0.68154
175 0.645963
176 0.700931
177 0.676648
178 0.650683
179 0.679835
180 0.700883
181 0.701251
182 0.682425
183 0.699037
184 0.700832
185 0.680158
186 0.691323
187 0.680323
188 0.678662
189 0.681215
190 0.704208
191 0.66924
192 0.678486
193 0.706923
194 0.679557
195 0.648315
196 0.676729
197 0.693542
198 0.701863
199 0.692894
200 0.65524
201 0.683534
202 0.693072
203 0.699983
204 0.670334
205 0.69946
206 0.639906
207 0.699931
208 0.694855
209 0.672403
210 0.66654
211 0.655575
212 0.70068
213 0.678255
214 0.67574
215 0.66546
216 0.681111
217 0.701715
218 0.684669
219 0.676512
220 0.676783
221 0.664069
222 0.67646
223 0.695875
224 0.685123
225 0.678874
226 0.717631
227 0.685752
228 0.697043
229 0.669648
230 0.687591
231 0.661255
232 0.677498
233 0.694315
234 0.66698
235 0.695852
236 0.666037
237 0.677452
238 0.688094
239 0.681412
240 0.689488
241 0.663792
242 0.686874
243 0.675914
244 0.709952
245 0.685143
246 0.672768
247 0.681098
248 0.693972
249 0.669452
250 0.691065
251 0.700108
252 0.677758
253 0.700742
254 0.673942
255 0.673937
256 0.698226
257 0.671291
258 0.689478
259 0.685851
260 0.699937
261 0.704712
262 0.696852
263 0.687186
264 0.699432
265 0.673935
266 0.692009
267 0.667474
268 0.651291
269 0.720454
270 0.698929
271 0.696452
272 0.689337
273 0.693115
274 0.672478
275 0.684505
276 0.687854
277 0.680943
278 0.671075
279 0.670026
280 0.681251
281 0.699818
282 0.712698
283 0.663285
284 0.682218
285 0.685898
286 0.695572
287 0.724997
288 0.677585
289 0.695909
290 0.670292
291 0.69248
292 0.6892
293 0.677368
294 0.688275
295 0.693409
296 0.685323
297 0.693572
298 0.696211
299 0.677551
300 0.670358
301 0.693063
302 0.691405
303 0.681346
304 0.666794
305 0.677809
306 0.684708
307 0.704172
308 0.682349
309 0.670315
310 0.688458
311 0.682602
312 0.712977
313 0.692772
314 0.677857
315 0.677209
316 0.689771
317 0.67692
318 0.701172
319 0.680138
320 0.674745
321 0.683095
322 0.724983
323 0.677112
324 0.689685
325 0.672775
326 0.673542
327 0.679642
328 0.6773
329 0.698578
330 0.656228
331 0.686326
332 0.684363
333 0.706545
334 0.686025
335 0.67314
336 0.6945
337 0.677922
338 0.684558
339 0.691597
340 0.672755
341 0.68696
342 0.686694
343 0.686637
344 0.670428
345 0.698795
346 0.701792
347 0.688297
348 0.700586
349 0.698189
350 0.692898
351 0.663455
352 0.691777
353 0.71746
354 0.69768
355 0.693126
356 0.696997
357 0.725165
358 0.715811
359 0.660295
360 0.676885
361 0.671428
362 0.695015
363 0.684402
364 0.66516
365 0.680574
366 0.689837
367 0.676285
368 0.707126
369 0.700338
370 0.667094
371 0.699597
372 0.670726
373 0.670728
374 0.687054
375 0.677132
376 0.672992
377 0.672457
378 0.713303
379 0.69268
380 0.667366
381 0.688074
382 0.667225
383 0.697262
384 0.670411
385 0.667875
386 0.695155
387 0.697718
388 0.703723
389 0.678018
390 0.684118
391 0.669446
392 0.690148
393 0.667825
394 0.687926
395 0.651045
396 0.70042
397 0.702498
398 0.702371
399 0.685608
