0 0.436566
1 1.05515
2 1.05858
3 1.37933
4 0.651062
5 0.974238
6 1.29734
7 0.738143
8 1.32101
9 0.597634
10 1.88502
11 0.251268
12 1.11589
13 1.14651
14 0.829131
15 1.16012
16 0.891991
17 1.11777
18 0.824357
19 1.22531
20 0.618514
21 1.188
22 0.745405
23 1.15269
24 1.13618
25 0.77008
26 1.25046
27 0.788328
28 1.05013
29 1.1742
30 0.963914
31 0.879091
32 1.17166
33 0.979303
34 0.941234
35 0.74148
36 0.954209
37 1.07646
38 1.15111
39 1.37103
40 0.549357
41 0.887528
42 1.34141
43 1.021
44 0.803843
45 0.987725
46 1.26609
47 0.856817
48 1.00941
49 0.882482
50 1.44514
51 0.453598
52 1.05528
53 1.26941
54 0.563108
55 1.58755
56 0.588134
57 1.12668
58 0.943374
59 0.982672
60 0.995577
61 0.994755
62 1.08255
63 1.40006
64 0.406912
65 1.08055
66 0.797066
67 1.69392
68 0.593806
69 1.01142
70 1.14316
71 0.726706
72 1.13825
73 1.15848
74 0.79092
75 0.580231
76 1.72355
77 0.650143
78 0.663658
79 1.33703
80 1.27383
81 0.941366
82 0.832985
83 1.19528
84 0.968854
85 0.817482
86 1.12547
87 0.875875
88 0.974472
89 1.02921
90 1.27169
91 0.634395
92 1.05646
93 1.35059
94 0.685545
95 0.614662
96 1.30082
97 1.24074
98 1.05634
99 0.906745
100 0.394338
101 0.903971
102 0.965154
103 1.26092
104 0.711938
105 1.04129
106 1.05322
107 0.850182
108 1.31807
109 0.480715
110 1.65914
111 0.377645
112 1.18896
113 0.812505
114 1.30287
115 0.668211
116 1.38783
117 0.766258
118 1.09708
119 1.06954
120 0.687788
121 1.20511
122 0.736205
123 1.13502
124 1.15603
125 0.742575
126 1.25695
127 0.777009
128 1.07056
129 1.18222
130 0.943822
131 0.832703
132 1.25355
133 0.935275
134 0.967546
135 0.717492
136 0.961688
137 1.07635
138 1.15111
139 1.39223
140 0.543974
141 0.878405
142 1.3341
143 0.988366
144 0.856968
145 0.982746
146 1.24991
147 0.871626
148 0.989195
149 0.901992
150 1.44748
151 0.438343
152 1.05536
153 1.27726
154 0.563358
155 1.57742
156 0.481429
157 1.24042
158 0.954466
159 0.971474
160 0.998775
161 0.999551
162 1.07198
163 1.40185
164 0.378169
165 1.10342
166 0.798366
167 1.68861
168 0.564869
169 1.03427
170 1.14287
171 0.710723
172 1.15453
173 1.15887
174 0.763522
175 0.595286
176 1.52013
177 0.663562
178 0.677534
179 1.21407
180 1.26572
181 0.921586
182 0.837889
183 1.21407
184 0.981266
185 0.795246
186 1.1332
187 0.874329
188 0.9754
189 1.02928
190 1.27169
191 0.608542
192 1.08055
193 1.3528
194 0.675826
195 0.620132
196 1.169
197 1.22668
198 1.04871
199 0.90524
200 0.62342
201 1.26772
202 1.11251
203 1.05964
204 0.706986
205 1.32712
206 0.400098
207 1.50563
208 0.867268
209 0.784511
210 0.895797
211 0.826322
212 1.5165
213 0.711306
214 0.949498
215 0.866455
216 1.19051
217 1.25169
218 0.797471
219 0.90814
220 0.995015
221 0.841937
222 1.1392
223 1.25755
224 0.86266
225 0.93062
226 1.46203
227 0.60992
228 1.13209
229 0.714838
230 1.1844
231 0.707437
232 1.15322
233 1.22146
234 0.703826
235 1.32488
236 0.671752
237 1.08346
238 1.13844
239 0.922143
240 1.09172
241 0.720949
242 1.25345
243 0.87326
244 1.40915
245 0.689938
246 0.862788
247 1.0885
248 1.1555
249 0.736874
250 1.23674
251 1.07611
252 0.774472
253 1.25949
254 0.708351
255 0.964994
256 1.30678
257 0.701112
258 1.18645
259 0.951094
260 1.15789
261 1.01722
262 0.923948
263 0.913589
264 1.13748
265 0.735654
266 1.19332
267 0.73186
268 0.733077
269 1.80339
270 0.547383
271 1.05706
272 0.921892
273 1.04497
274 0.78372
275 1.12344
276 1.03794
277 0.923309
278 0.880883
279 0.968109
280 1.14592
281 1.2248
282 1.08051
283 0.561228
284 1.14683
285 1.04676
286 1.10699
287 1.27864
288 0.551363
289 1.18186
290 0.725797
291 1.24188
292 0.94492
293 0.875377
294 1.12285
295 1.05023
296 0.912234
297 1.09338
298 1.01727
299 0.811648
300 0.898074
301 1.28464
302 0.95586
303 0.897466
304 0.826131
305 1.11561
306 1.09401
307 1.21957
308 0.759029
309 0.855275
310 1.21566
311 0.927577
312 1.34924
313 0.734066
314 0.866608
315 0.982082
316 1.15326
317 0.854874
318 1.28406
319 0.756915
320 0.924475
321 1.09701
322 1.48413
323 0.472751
324 1.12313
325 0.813322
326 0.984918
327 1.07681
328 0.976071
329 1.25976
330 0.562282
331 1.29064
332 0.972442
333 1.2514
334 0.763123
335 0.860074
336 1.25443
337 0.807554
338 1.06561
339 1.07959
340 0.797477
341 1.15345
342 0.992866
343 0.999549
344 0.820865
345 1.34244
346 0.972302
347 0.876957
348 1.13932
349 0.952308
350 0.955142
351 0.698614
352 1.31872
353 1.23542
354 0.763509
355 0.988762
356 1.04105
357 1.27193
358 0.811512
359 0.5718
360 1.11086
361 0.941355
362 1.30195
363 0.860648
364 0.781788
365 1.16487
366 1.11792
367 0.849274
368 1.36543
369 0.851108
370 0.699032
371 1.37161
372 0.675223
373 0.949305
374 1.20927
375 0.885531
376 0.93978
377 0.985229
378 1.53222
379 0.68116
380 0.759455
381 1.2305
382 0.766018
383 1.35748
384 0.696595
385 0.919035
386 1.35932
387 0.981557
388 1.06204
389 0.750771
390 1.05479
391 0.833409
392 1.246
393 0.750578
394 1.2201
395 0.593058
396 1.51272
397 0.925895
398 1.01384
399 0.839826
